java.lang.NumberFormatException: For input string: ""
# ***** RESTART **********
Try init with scale 1.0
epsilon: 1.0E-8  alpha: 0.1
Iteration	stepsize	objective	accuracy
1	0.8306622921784855	-787.922305574901	0.5187165775401069
1	0.5013962064185283	-800.2873592720566	0.45969884853852966
1	0.34643010865591317	-780.0330784943073	0.5377107364685004
1	0.23960401143533322	-767.0501427683791	0.5305755395683454
1	0.3382951170898988	-819.2030786286142	0.5296108291032149
1	0.18340026019103203	-783.9026634963506	0.551270815074496
1	0.17723037929916902	-767.1496485529055	0.5541629364368845
1	0.24297861240832017	-764.2259352035998	0.5361284567350579
1	0.3084638855192521	-746.3053788178871	0.5230627306273062
1	0.1683298377864033	-728.1695480893061	0.568609022556391
1	0.2654478708416381	-748.4650018930308	0.5932666060054596
1	0.3051219016124989	-759.3336091098154	0.5349462365591398
1	0.22683817262949224	-774.4139385357153	0.5746724890829694
1	0.28611477282395203	-767.448393498155	0.5612959719789843
1	0.3589963410195655	-741.3243217438671	0.5110091743119266
1	0.25969590259171677	-793.0252081843498	0.5994919559695173
1	0.17105444482483337	-759.1626731192729	0.5657894736842105
1	0.2452284985341126	-805.3624975859112	0.5767634854771784
1	0.195227111750677	-752.0138857966839	0.6139130434782609
1	0.30754112325214045	-749.7572478757736	0.6446568201563857
1	0.30754112325214045	-15394.555916240883	0.5546467415332921
2	0.3419915823589657	-765.6195349411046	0.47237076648841353
2	0.17685102274894685	-746.0298411331789	0.6147032772364924
2	0.2192422031844321	-729.2895110827833	0.6628216503992902
2	0.13507737726856262	-708.1842896689571	0.6097122302158273
2	0.21843129815744372	-754.1961088313038	0.6082910321489001
2	0.18276522340470178	-727.9154820283073	0.6879929886064855
2	0.13110717467469435	-696.4936780293339	0.6472694717994628
2	0.1716406156625092	-689.9235726857914	0.6966993755575379
2	0.19231339025601146	-672.5953962894433	0.6577490774907749
2	0.20784976735340407	-663.9844047234469	0.681390977443609
2	0.17661504809025497	-661.2555759273029	0.6869881710646042
2	0.19779691729905077	-665.9738558681839	0.7060931899641577
2	0.18777486287637046	-681.6811936597205	0.6847161572052402
2	0.2670686088835206	-695.7404174298855	0.702276707530648
2	0.27674702277157814	-664.4247077305399	0.5660550458715596
2	0.17285170276598627	-709.4718487152708	0.7061812023708721
2	0.1250429132348697	-651.9075636634869	0.7359649122807017
2	0.12383139909757482	-704.3160420182351	0.6962655601659751
2	0.18633279657718224	-655.8780032090003	0.7591304347826087
2	0.15815409670703118	-652.1283548902297	0.7046046915725456
2	2.058222398088923	-13897.00938252551	0.6648244760809975
3	0.158612411202733	-648.2582776914948	0.7308377896613191
3	0.1291888253829961	-633.7541892621563	0.7254207263064659
3	0.14150881928827405	-619.0503488968764	0.7400177462289264
3	0.19901317878251645	-627.6647375949539	0.7437050359712231
3	0.2304449522573688	-690.6486426784503	0.6514382402707276
3	0.14778381460594128	-665.8524273908922	0.7151621384750219
3	0.15856062830468257	-598.1807160132889	0.7681289167412713
3	0.2386473384669368	-639.4534470057844	0.6654772524531668
3	0.09756425533003224	-618.3802534273098	0.731549815498155
3	0.12744473380115126	-582.4130517469073	0.7462406015037594
3	0.09078269001797017	-585.3360265269531	0.7579617834394905
3	0.0716198680459401	-585.345424490083	0.7491039426523297
3	0.09398188437393633	-602.7290016071165	0.7458515283842795
3	0.08620605548635162	-615.1556687097178	0.7162872154115587
3	0.10425636448595424	-577.4413489708832	0.7642201834862385
3	0.07668750477147121	-604.3524160028898	0.7620660457239627
3	0.09275187667844141	-578.5381178677637	0.7719298245614035
3	0.11805756968833223	-634.7443863732374	0.7526970954356846
3	0.09628718807004066	-585.4370521835773	0.7669565217391304
3	0.17102095278212365	-589.8487134901814	0.7819287576020851
3	3.246583551289046	-12282.584247930517	0.739234238217349
4	0.32503197822835	-659.217573471385	0.6622103386809269
4	0.16065707489404069	-675.8120219474091	0.6563330380868024
4	0.20935763483496683	-589.9939347238347	0.7755102040816326
4	0.17377362201310276	-631.7005329554271	0.637589928057554
4	0.05683948138028764	-619.0880146452097	0.7631133671742809
4	0.10588553702063049	-574.432025988965	0.7808939526730938
4	0.1280596713633582	-564.3972143840867	0.7636526410026858
4	0.09020123113250272	-563.3240440081967	0.7894736842105263
4	0.061252006609652944	-556.0505712346957	0.7490774907749077
4	0.0568517466943231	-543.32485902417	0.7415413533834586
4	0.09182235591057233	-543.5577738596584	0.7752502274795269
4	0.09836901950654942	-557.2321893247923	0.7544802867383512
4	0.11779799313959105	-585.2799962651525	0.7720524017467248
4	0.06976738084883354	-588.4465248894059	0.7302977232924693
4	0.07474059833502694	-546.1216162416112	0.7779816513761468
4	0.05070490848530111	-571.7648808510608	0.777307366638442
4	0.07033683306393715	-548.0975730381086	0.7780701754385965
4	0.12574143066562316	-611.9279737272057	0.7701244813278009
4	0.16164215214052707	-578.6251911207866	0.7478260869565218
4	0.17317707127399248	-612.6880459251271	0.736750651607298
4	4.011377471730794	-11721.08255762629	0.7471925015474401
5	0.09368920822284478	-587.4293614819394	0.7299465240641712
5	0.09642797177684057	-573.4844090368185	0.7617360496014172
5	0.06677615910159833	-547.4715061045634	0.7613132209405501
5	0.10867671656950505	-558.4402050010559	0.7670863309352518
5	0.13288916829312333	-593.4511834176596	0.7326565143824028
5	0.13703547302629568	-582.1675302604463	0.7624890446976337
5	0.09312222355684652	-528.8940533520871	0.7815577439570277
5	0.13949330022285217	-532.9967674091637	0.7832292595896521
5	0.26032220847728144	-540.5938823071141	0.7527675276752768
5	0.20332582647956485	-538.3521269778973	0.768796992481203
5	0.2357369812718424	-525.7698913504389	0.7679708826205641
5	0.2462987218455887	-535.4245567270415	0.7813620071684588
5	0.17060692099386252	-567.5669213643147	0.7467248908296943
5	0.25536814127652796	-614.5927636493608	0.7197898423817863
5	0.08918889640925147	-526.8684570222804	0.7697247706422018
5	0.07829274700555934	-556.692210253112	0.7798475867908552
5	0.10734264080505769	-539.82386910876	0.8
5	0.14104626574684767	-596.7970832037719	0.7460580912863071
5	0.19487440533106068	-589.6629449663509	0.7539130434782608
5	0.178653664792617	-565.2849130408582	0.7480451781059948
5	4.62511798229774	-11201.764636035034	0.7605889114864267
6	0.14230165138398787	-593.0807722852591	0.7361853832442068
6	0.12573398026968324	-545.6220159927628	0.7581930912311781
6	0.3102627724017318	-544.8070461601955	0.7577639751552795
6	0.36648828422169977	-608.9412926923302	0.7032374100719424
6	0.12371952066297728	-570.2492582045941	0.7495769881556683
6	0.07427992554123286	-527.7477981177218	0.78965819456617
6	0.09135202231222647	-507.96927862164665	0.7985675917636527
6	0.13257866210146482	-518.3645055719098	0.7805530776092774
6	0.1520569897717775	-527.4977902259564	0.7712177121771218
6	0.23444049610715928	-519.2738118335155	0.7443609022556391
6	0.2809937727179509	-550.9548171888384	0.7552320291173794
6	0.28847463446396404	-584.5708287147306	0.724910394265233
6	0.30460639601161965	-654.0580941563579	0.6689956331877729
6	0.2518510633472358	-580.6107036717266	0.7469352014010507
6	0.1877276166768784	-587.4481807054113	0.7036697247706422
6	0.0663231574410775	-598.5174972837561	0.756138865368332
6	0.12499105524999941	-540.1889107314663	0.8008771929824562
6	0.1361955665348791	-606.1211419672179	0.7261410788381742
6	0.08984696903858895	-564.6980822543951	0.78
6	0.0939675698008583	-523.8239291687829	0.7932232841007819
6	5.2322505522288125	-11254.545755548574	0.7523211601379433
7	0.18902020223566138	-567.0152428462488	0.7370766488413547
7	0.13932384950631768	-580.7391516996512	0.7404782993799823
7	0.11369631398225974	-520.2201620855969	0.7755102040816326
7	0.1262086040837929	-527.5407690693934	0.7580935251798561
7	0.13392414606698333	-553.5703249409307	0.7800338409475466
7	0.20206764614635278	-516.1321619291824	0.7852760736196319
7	0.24710919066116852	-496.3361664523657	0.7985675917636527
7	0.2942245374706834	-514.0252744259361	0.7689562890276539
7	0.3718611130500609	-563.8578981700628	0.7398523985239852
7	0.30160185955956614	-570.9361329067735	0.7161654135338346
7	0.23230737534004878	-629.9409371876114	0.6706096451319381
7	0.2830186754370575	-551.1730608350243	0.757168458781362
7	0.2956959530021472	-638.3530977935218	0.6864628820960699
7	0.07167600846222111	-605.038636022856	0.7154115586690017
7	0.1610959502878762	-565.8572474587558	0.7385321100917431
7	0.1522562541013465	-542.8430791362579	0.7764606265876376
7	0.2978910250133098	-536.0796829898703	0.7640350877192983
7	0.1782163759344022	-614.6942556816441	0.7402489626556017
7	0.124729050944864	-517.7028568058886	0.7982608695652174
7	0.21056685749743168	-546.6153901879358	0.7532580364900087
7	5.828986477361008	-11158.671528625508	0.7503315943054205
8	0.37755108647732233	-586.1437608516491	0.7290552584670231
8	0.2108255383186287	-526.3032394566083	0.7679362267493357
8	0.40184560312992695	-564.1109040824205	0.7497781721384206
8	0.15502821407796719	-616.2975200377094	0.6798561151079137
8	0.18338334791473457	-549.315629736319	0.7766497461928934
8	0.302189985490167	-593.5541470258015	0.7239263803680982
8	0.14257815973852703	-572.9214905691479	0.7162041181736795
8	0.24539107703230573	-543.9245517317606	0.7627118644067796
8	0.28639843104139906	-577.6161576653641	0.7011070110701108
8	0.11084638505707997	-523.0946934566924	0.7453007518796992
8	0.16827430668842358	-507.64999976945325	0.7807097361237488
8	0.19072599526285278	-518.1255375640959	0.757168458781362
8	0.1609515901601536	-523.6731524696822	0.7729257641921398
8	0.20557369067588419	-522.334914074698	0.7609457092819615
8	0.26255711877456217	-487.7247243099917	0.7614678899082569
8	0.1506574894103975	-517.9833226258605	0.7764606265876376
8	0.18178511356376412	-494.07497099444214	0.7763157894736842
8	0.21423627190553696	-565.8821014317634	0.750207468879668
8	0.3197625612734459	-499.4439902624296	0.7782608695652173
8	0.21384899805980634	-493.65070070334593	0.7862728062554301
8	6.700954313098165	-10783.825508819235	0.7529843487487842
9	0.20126885805921413	-515.061597560075	0.7406417112299465
9	0.18862998816821966	-527.3258772859828	0.7431355181576617
9	0.38497837435843324	-503.5990393327453	0.7657497781721384
9	0.23855088496923735	-577.1182623199646	0.704136690647482
9	0.25278673820624675	-508.45848149754863	0.766497461928934
9	0.20474734515873622	-474.981799573012	0.7905346187554777
9	0.13948037880922043	-437.7594029933961	0.8003581020590869
9	0.15496565074758198	-458.19057884109867	0.7885816235504014
9	0.16788711746926785	-445.0358718614925	0.7693726937269373
9	0.2559083638093752	-445.5050653782104	0.7556390977443609
9	0.20733093289392765	-463.7843719579963	0.7725204731574158
9	0.33874207770697956	-571.4952063239379	0.7267025089605734
9	0.1615232912294615	-685.0055781798397	0.6262008733624455
9	0.29574099105190516	-590.6549352500667	0.6690017513134852
9	0.11221795767542944	-453.84412760605034	0.8201834862385321
9	0.16472252984219976	-453.6029977071861	0.8374259102455546
9	0.23034704639962883	-430.47770105508414	0.8640350877192983
9	0.17608731969544253	-465.45921814551053	0.8232365145228215
9	0.18960597198691115	-423.71970862580844	0.8530434782608696
9	0.2139165364544613	-422.6038028643056	0.8001737619461338
9	7.425578944397803	-9853.683624359312	0.7711999292598815
10	0.16957204916295598	-450.9966672473817	0.803921568627451
10	0.1941588135677955	-435.23891966758254	0.7697077059344553
10	0.3551459052608511	-460.8812128134524	0.8438331854480923
10	0.3155624289767017	-685.8021836199057	0.6160071942446043
10	0.20021159238478287	-434.0192023492962	0.8824027072758037
10	0.3669837520482582	-622.7648741528942	0.7931638913234005
10	0.14902255586312324	-632.7678052632593	0.6866606982990152
10	0.23081636132594607	-604.1234610790223	0.7234611953612846
10	0.18919385904763525	-408.174455518894	0.8837638376383764
10	0.1957666212068164	-446.61801622512615	0.8214285714285714
10	0.09924460992064751	-474.2613568379594	0.8098271155595996
10	0.17495061024652206	-412.2351902461682	0.8754480286738351
10	0.2041450632942116	-475.80626042009055	0.8349344978165939
10	0.13861869110924632	-468.7012707599987	0.8432574430823118
10	0.163042288124301	-395.5686169990962	0.8614678899082568
10	0.20958806570274158	-445.7806946891156	0.8789161727349704
10	0.23544601368328102	-420.60234706448904	0.8359649122807018
10	0.28352077813724025	-438.39655229456906	0.891286307053942
10	0.15904920491242422	-419.6796951086066	0.8339130434782609
10	0.12616515590135152	-380.8797822983084	0.8844483058210252
10	7.919437160712832	-9513.298564655217	0.8193474224069325
11	0.1831219804732532	-422.659085678641	0.8556149732620321
11	0.1996661909889351	-434.3696645207009	0.8246235606731621
11	0.2640441534859527	-440.1839155413722	0.8722271517302573
11	0.2552072284151133	-521.2561086827751	0.7562949640287769
11	0.18040495003247412	-406.8844206455831	0.8849407783417935
11	0.14482006822752044	-383.50799937549374	0.8764241893076249
11	0.18229075426139152	-436.09485383887977	0.8245299910474485
11	0.16683160113775172	-398.9223426684871	0.8608385370205174
11	0.13646380643828282	-393.3828637038625	0.8597785977859779
11	0.09700792569906676	-348.8261977905412	0.8890977443609023
11	0.1634474456539575	-367.58968902600543	0.8698817106460418
11	0.2013454617119489	-381.60618100628255	0.8664874551971327
11	0.2281180906955363	-453.8815699452499	0.8279475982532751
11	0.2478197262934802	-404.613321321467	0.8712784588441331
11	0.30166899294282107	-370.9844776514895	0.8587155963302753
11	0.5957867042869595	-390.40381397764213	0.8780694326841659
11	0.3313711602715222	-387.6970001768322	0.8543859649122807
11	0.1776725832925067	-369.2394052764874	0.9037344398340249
11	0.2522151491895941	-363.77179948108903	0.8956521739130435
11	0.26211938395446105	-421.473293639009	0.8462206776715899
11	8.64019079475911	-8097.348003947891	0.8590945264833318
12	0.2286348697111572	-541.5204523264538	0.7745098039215687
12	0.280976642155666	-391.07232387325655	0.8600531443755536
12	0.23931359374210692	-433.61860191036186	0.8287488908606921
12	0.2819802712164181	-536.8823029494367	0.7598920863309353
12	0.2944779511475713	-431.2860810070352	0.8434856175972927
12	0.2665387795492637	-458.8674879993143	0.8431200701139352
12	0.18721026930116488	-559.7567974564614	0.7484333034914951
12	0.2198028565027154	-386.64339531959996	0.8590544157002676
12	0.32017671544410375	-597.3998352093604	0.7822878228782287
12	0.09578488937007999	-454.17349219124367	0.7969924812030075
12	0.18419331034121525	-461.658673597053	0.7979981801637852
12	0.09517326126998515	-359.4037596439532	0.8817204301075269
12	0.1010419440394366	-352.2900003086228	0.8786026200873363
12	0.11920504167631889	-368.2653599956419	0.8782837127845884
12	0.08599918786839844	-324.1154787479683	0.8926605504587156
12	0.08263692179745794	-340.0898681291489	0.8950042337002541
12	0.09574275810474846	-311.6706114630196	0.906140350877193
12	0.11501285719645	-346.9131706913415	0.9045643153526971
12	0.08642856193582449	-321.932967826562	0.8956521739130435
12	0.15719296623536447	-328.35752012935006	0.8861859252823632
12	9.121008911081177	-8305.918180775185	0.8464939428773544
13	0.22375698853469805	-391.27771501541184	0.8467023172905526
13	0.29735861242370865	-431.3913352384403	0.8370239149689991
13	0.2626147955988815	-464.0047051150777	0.839396628216504
13	0.22726405565247787	-497.8531969421129	0.7985611510791367
13	0.3286080534917509	-383.0150497221893	0.8705583756345178
13	0.23675878263482933	-449.2962939598535	0.8317265556529361
13	0.2554679273151654	-513.0105510976875	0.7779767233661593
13	0.20447104748672731	-360.5077241442818	0.8697591436217663
13	0.24555390068669486	-433.95956463736695	0.8413284132841329
13	0.15210799806622421	-448.75702887695616	0.8054511278195489
13	0.2361203064780906	-386.3932396756589	0.83803457688808
13	0.22845879596121973	-481.69613526509835	0.8360215053763441
13	0.1278243458746914	-420.30237686125326	0.834061135371179
13	0.2359628235659388	-375.6577036637421	0.8581436077057794
13	0.15365854512274862	-376.9468099496284	0.8596330275229358
13	0.12192111344571975	-355.5177383936675	0.8780694326841659
13	0.1860697526291367	-317.6284208956947	0.9026315789473685
13	0.10983963180521694	-350.10582385953285	0.891286307053942
13	0.0723490875445467	-303.71972537676083	0.9034782608695652
13	0.16971406883122167	-317.1288740527739	0.894874022589053
13	9.478203258984559	-8058.170012743189	0.851313113449465
14	0.15282023588765467	-369.1539437925923	0.8636363636363636
14	0.09979804081486877	-328.3556655605834	0.8839681133746679
14	0.11119545942410952	-317.8856131009205	0.8908606921029282
14	0.13546429532249057	-297.9921368751429	0.8983812949640287
14	0.25991642136294496	-357.0129282492294	0.871404399323181
14	0.2810108382909559	-402.1228935455029	0.8580192813321648
14	0.25061382281639466	-567.7329551699646	0.756490599820949
14	0.2366940488304773	-333.46055650305357	0.8751115075825157
14	0.23033993788854454	-389.609658063829	0.8487084870848709
14	0.20158296014552324	-441.1740590127631	0.8110902255639098
14	0.2670740345719584	-343.0062663042506	0.8580527752502275
14	0.2895231324044045	-475.4987171488393	0.8360215053763441
14	0.2305595106491361	-541.8214694824246	0.7703056768558952
14	0.3348055190891132	-441.6141636413223	0.809106830122592
14	0.23795788036217255	-469.59445323715863	0.8211009174311926
14	0.1922311551561709	-456.0881422628038	0.8230313293818797
14	0.14810740071256587	-308.49537353172155	0.9026315789473685
14	0.1830381309020862	-373.38734364227355	0.8771784232365145
14	0.15549603044091995	-402.47730499733484	0.8460869565217392
14	0.13810792424478763	-312.63036412174887	0.8922675933970461
14	9.889983201917154	-7929.1140082434595	0.8498983110796711
15	0.14970909205470004	-372.4225545637334	0.8591800356506238
15	0.14676497996933466	-376.7296977731487	0.8618246235606731
15	0.2163299817581397	-341.1448930766557	0.8660159716060337
15	0.18553131467911654	-340.58565727843654	0.8741007194244604
15	0.12595898697054203	-330.099845307705	0.8900169204737732
15	0.11761435417463313	-306.56969186716833	0.8921998247151621
15	0.1317519849004907	-327.30968831961343	0.8683974932855864
15	0.18301847405307067	-360.1074522374083	0.8572702943800179
15	0.2308344132426169	-390.5712467259858	0.8542435424354243
15	0.15622352727974761	-415.25641951103563	0.825187969924812
15	0.16625724515956314	-305.65095439683404	0.8844404003639672
15	0.2836735062431973	-445.89003531346026	0.850358422939068
15	0.1962296648570738	-499.33294903317346	0.8069868995633188
15	0.2347040111820951	-341.31384807251936	0.8712784588441331
15	0.4107675857143269	-474.8972088711688	0.8174311926605504
15	0.1803338822490096	-545.5064212976848	0.7781541066892464
15	0.25093530939107844	-294.3313039398845	0.9
15	0.359566669506726	-479.8961751976622	0.8257261410788381
15	0.13722638766680625	-475.4602979665556	0.8121739130434783
15	0.17406149697820544	-309.82745194657485	0.896611642050391
15	10.235925989813879	-7732.903792696409	0.8544964187815015
16	0.18996208043010074	-414.7857729805442	0.8449197860962567
16	0.11931016113873374	-396.848310404199	0.845881310894597
16	0.083360311926726	-299.2923459422116	0.8944099378881988
16	0.11140776199659787	-291.3498347359675	0.8947841726618705
16	0.14027681773797188	-323.25648775113655	0.8874788494077834
16	0.06668516669391704	-287.31734405061195	0.901840490797546
16	0.0812462858718885	-297.14809961197517	0.8809310653536258
16	0.1391577433195467	-300.79327840895	0.8822479928635147
16	0.15087680838790854	-298.16710748574246	0.8920664206642066
16	0.11492525512807494	-266.6255965529296	0.9031954887218046
16	0.1449360260797673	-308.5258714525618	0.8862602365787079
16	0.2715084554155634	-369.92429714335594	0.8664874551971327
16	0.2288519036763669	-567.813380876714	0.7703056768558952
16	0.2907348765415082	-321.67056004372137	0.8747810858143608
16	0.3129229744158022	-464.246836442155	0.8146788990825689
16	0.2127106029567821	-529.0132502233646	0.785774767146486
16	0.3349012545593778	-324.072776822915	0.8842105263157894
16	0.26116707720446647	-484.10136862952663	0.8323651452282158
16	0.262924575900817	-520.1530139244798	0.7852173913043479
16	0.3030230850176186	-390.39809567033507	0.8331885317115552
16	10.714664334806713	-7455.503629153397	0.8575470863913697
17	0.23164874209673353	-510.4967203065709	0.8262032085561497
17	0.20247487121147267	-438.56787992930833	0.8157661647475642
17	0.17901741346773128	-333.54920469221275	0.8757763975155279
17	0.11608656910651709	-306.6854699542367	0.89568345323741
17	0.07101990183569477	-310.3265128541645	0.8857868020304569
17	0.10427262926706746	-280.5900105447764	0.901840490797546
17	0.06424777680679819	-296.77322924363773	0.8836168307967771
17	0.07391201360221708	-287.992886953368	0.8893844781445138
17	0.1300937438429223	-289.6908500472228	0.8819188191881919
17	0.15230937668031055	-296.1239944754392	0.8881578947368421
17	0.14464108004294757	-319.31080804565875	0.8789808917197452
17	0.16206446434542723	-316.8629791511459	0.8736559139784946
17	0.24801447910500157	-340.75410320661064	0.8812227074235808
17	0.26942525856484506	-458.4331268880685	0.8213660245183888
17	0.28528889755057063	-336.1867312063306	0.8605504587155963
17	0.10350887233901282	-331.66289117169447	0.8780694326841659
17	0.17343476021036952	-264.3555239066202	0.9114035087719298
17	0.28548576962658806	-369.0485863347724	0.862240663900415
17	0.2285783637506744	-376.50176911765715	0.8739130434782608
17	0.24926799191346752	-456.1043174055095	0.8158123370981755
17	11.095747549006425	-6920.017595435004	0.869970819701123
18	0.18581650266849914	-386.8919108723062	0.8458110516934046
18	0.15253150947572625	-351.2410260157883	0.8635961027457927
18	0.1575024787756873	-318.216888553555	0.8731144631765749
18	0.1691751428449489	-315.4433620034162	0.8821942446043165
18	0.2039244649178108	-326.35163652582537	0.8857868020304569
18	0.16614477773873962	-320.3278001522772	0.8860648553900088
18	0.14918533122811406	-318.67446583096034	0.8755595344673232
18	0.20361324288056593	-365.85691347046145	0.8519179304192686
18	0.20621885612848245	-368.8966263709637	0.8588560885608856
18	0.15998112461243436	-354.0547678269154	0.8477443609022557
18	0.0952258295247223	-283.1079574219702	0.8908098271155596
18	0.21810447926291812	-334.9511984620099	0.8718637992831542
18	0.18857526154903967	-448.23513024569013	0.8244541484716157
18	0.17583152383410625	-295.0128769125391	0.8984238178633975
18	0.24537366568721083	-310.6617280613155	0.8788990825688073
18	0.31851516990561474	-380.6599992131419	0.8552074513124471
18	0.229155306285195	-356.2923656472995	0.868421052631579
18	0.38898037762405036	-387.04018910372406	0.8547717842323651
18	0.308423013046507	-312.2319528277066	0.8834782608695653
18	0.17545154703432564	-327.14642762871813	0.8801042571676803
18	11.577418795632514	-6861.295223146584	0.8688655053497215
19	0.13948024297923678	-308.74745010037674	0.8778966131907309
19	0.28441033742254124	-341.54412255536744	0.8697962798937112
19	0.1857578960910423	-365.65043260312683	0.8589174800354925
19	0.2962728653162376	-399.44127462279016	0.8327338129496403
19	0.3528543139217982	-433.2050536726281	0.8333333333333334
19	0.1758421114295006	-390.1683164460694	0.8483786152497809
19	0.17702005439223545	-343.13242805442707	0.8728737690241719
19	0.12415227128095162	-317.58327842603506	0.8760035682426405
19	0.1802105083325779	-311.34448682475784	0.8726937269372693
19	0.15343432714928107	-322.6714069857742	0.8656015037593985
19	0.05724731317401362	-287.686271140014	0.8862602365787079
19	0.09129823332289501	-269.2788215840749	0.8942652329749103
19	0.16875809563398192	-304.5240618191541	0.885589519650655
19	0.31847933727437716	-388.85480331100086	0.8598949211908932
19	0.24853205295319405	-496.2649184221268	0.8009174311926606
19	0.10356779436524852	-269.4395855355729	0.9026248941574937
19	0.31746753022997903	-363.27330066722146	0.8701754385964913
19	0.21395887052215404	-607.4603832684672	0.7759336099585062
19	0.24551132730381875	-302.84577628095724	0.8904347826086957
19	0.2906563791804782	-553.7018170626251	0.8262380538662033
19	11.898076639158953	-7376.817989382568	0.8598019276682288
20	0.14821231290300127	-421.3047202510742	0.8333333333333334
20	0.28410971416024794	-372.9942181285744	0.8449955713020372
20	0.17891951243486962	-424.965724032269	0.8580301685891748
20	0.16255484039069118	-295.951521893105	0.8893884892086331
20	0.330312252070261	-352.4441260670773	0.8688663282571912
20	0.14112620117247565	-358.54533594026043	0.8694127957931639
20	0.21696340995899568	-358.0427137647442	0.8567591763652641
20	0.14178997359461173	-308.8562242552004	0.8858162355040142
20	0.051324772648616845	-268.51333080709963	0.8966789667896679
20	0.07316413060315229	-239.56703488414806	0.9154135338345865
20	0.10152297806644278	-279.87288270223877	0.8889899909008189
20	0.07848988639017504	-265.1794532334183	0.8960573476702509
20	0.08451137346681654	-263.9550027172064	0.9039301310043668
20	0.11690282268778453	-280.6490900618273	0.8975481611208407
20	0.1786593576481586	-274.2905754781932	0.8834862385321101
20	0.32403239597749367	-354.0205149759664	0.8797629127857748
20	0.30568583010828493	-521.797082552357	0.7921052631578948
20	0.22061665174690823	-317.49522193805166	0.891286307053942
20	0.12862883313902693	-289.2830252606332	0.9008695652173913
20	0.0674498412592558	-259.98980357199645	0.9035621198957429
20	12.3421653238375	-6507.717602515442	0.8777080201609337
21	0.09958121938606909	-298.3754983225674	0.8814616755793226
21	0.15273346232605814	-279.76601451702766	0.8945969884853853
21	0.20726594181192498	-323.4674151208811	0.8713398402839396
21	0.2489937373396801	-324.4670311124671	0.8911870503597122
21	0.23170038884475677	-452.0856753417873	0.8274111675126904
21	0.2261081012592329	-307.9744288528611	0.8860648553900088
21	0.2200341377483385	-369.1548509553853	0.8576544315129812
21	0.2056220286168338	-324.33922492797024	0.8715432649420161
21	0.18103487872298998	-358.0737170474737	0.8514760147601476
21	0.1907695872934918	-261.7454353529561	0.8900375939849624
21	0.13062089786029177	-297.82283106609407	0.8844404003639672
21	0.15450385286214866	-280.8529038262159	0.8960573476702509
21	0.20421809619008296	-350.3667455277815	0.856768558951965
21	0.34526299780627656	-368.1774497853444	0.8669001751313485
21	0.24684796136043918	-463.3549050358	0.8137614678899082
21	0.12734324821777504	-257.99095644294414	0.9110922946655376
21	0.35787557483503507	-315.1352330789838	0.8833333333333333
21	0.2559246444366471	-493.3459863430441	0.8141078838174274
21	0.23932546338488936	-337.4560914079757	0.8843478260869565
21	0.287424700174609	-396.4650875866378	0.8357949609035621
21	12.838843046901964	-6860.417481652199	0.8682907418869926
22	0.07615872921541175	-345.56714409385404	0.8698752228163993
22	0.18667510058038192	-291.1714639664172	0.8919397697077059
22	0.23081150386062274	-325.9209424209789	0.867790594498669
22	0.19320553548918848	-329.3871095220593	0.862410071942446
22	0.22183947482940583	-336.60090331025026	0.8764805414551607
22	0.2096277182769728	-414.87586042222983	0.8352322524101665
22	0.05517361726130138	-282.15715493238383	0.891674127126231
22	0.05132293514656744	-256.847192476074	0.9009812667261374
22	0.07633966083665301	-250.5039902134229	0.9031365313653137
22	0.06131619686593151	-225.92951269260394	0.9191729323308271
22	0.09692770508747438	-266.6122513863548	0.8971792538671519
22	0.19555325184029404	-279.63486009963873	0.8969534050179212
22	0.27314773795809055	-449.7963544704652	0.8165938864628821
22	0.3622444277136321	-405.598419234318	0.852014010507881
22	0.23976737222791847	-486.48433529893646	0.8073394495412844
22	0.16316412160486612	-252.3281542510702	0.9085520745131245
22	0.38157116735158514	-358.2223562342335	0.8692982456140351
22	0.23233347610561764	-585.8273293652948	0.7809128630705394
22	0.19895127071439625	-255.95481362362503	0.9113043478260869
22	0.367096660652951	-433.215180595045	0.8323197219808862
22	13.167352222493466	-6832.635328609256	0.8691307807940578
23	0.15402426508649064	-540.1412095721563	0.7807486631016043
23	0.2656229406820354	-312.00978561549164	0.87511071744907
23	0.3555205249942754	-584.5464789877832	0.8154392191659272
23	0.11276334364959813	-413.30524854213144	0.8246402877697842
23	0.18975774701207465	-304.0165689815881	0.8849407783417935
23	0.2526806191978781	-399.0367315666916	0.8632778264680105
23	0.0968057616257271	-372.45774387121634	0.846911369740376
23	0.12953330638292096	-265.206005827844	0.8983050847457628
23	0.226885846091352	-350.98603584680404	0.8607011070110702
23	0.10287089572990264	-330.77952270767264	0.8599624060150376
23	0.1426914245154237	-280.79208728657954	0.8926296633303002
23	0.22284445329481983	-370.4379373734468	0.8700716845878136
23	0.14539693937727274	-382.88082443300755	0.840174672489083
23	0.2698772029175808	-306.6793122946606	0.882661996497373
23	0.20835816325242834	-375.6897854985088	0.8559633027522936
23	0.17177107595914806	-341.6276579817065	0.8738357324301439
23	0.24987938748381763	-276.70672717517243	0.9052631578947369
23	0.0874458164993457	-301.1374718608147	0.9045643153526971
23	0.17484415583170157	-258.7414432595181	0.9008695652173913
23	0.29882067290843395	-337.46835235670494	0.8731537793223284
23	13.45501459095231	-7104.6469310395	0.8657706251657972
24	0.15432126621217676	-395.32824083257185	0.8511586452762924
24	0.1831788862208843	-280.8543752942958	0.8910540301151462
24	0.25250147053993743	-327.0748340143694	0.8722271517302573
24	0.10368283854687543	-269.72300829004365	0.9001798561151079
24	0.1515552879057119	-265.4684424857891	0.9086294416243654
24	0.2398272157575608	-315.6368708329204	0.8773006134969326
24	0.27640568492876133	-381.24848766504425	0.864816472694718
24	0.2551711687786705	-548.999398574875	0.7671721677074042
24	0.1683048891614499	-282.8007280882808	0.8856088560885609
24	0.0777511325064113	-236.5322562134583	0.9060150375939849
24	0.13714801885541594	-286.24685356600475	0.8862602365787079
24	0.2425991740914359	-313.0813786721521	0.8754480286738351
24	0.2483159734218838	-444.8417919688906	0.8235807860262009
24	0.23409208871606282	-319.34308494700787	0.8756567425569177
24	0.11868864901683493	-281.0427196778918	0.8963302752293578
24	0.10847217737915178	-244.99213022919727	0.9068585944115156
24	0.23057756063539725	-261.57599846046156	0.9078947368421053
24	0.2508822211443232	-381.4047238926522	0.8580912863070539
24	0.2593538694294008	-375.012252496348	0.8669565217391304
24	0.22021611804857305	-435.6258206168554	0.8218940052128584
24	13.880029436869682	-6646.83339681911	0.8720488106817579
25	0.1336268630048434	-311.8450168134968	0.8823529411764706
25	0.15610300957871773	-277.8402109508374	0.8937112488928255
25	0.17311309626131985	-332.5697226808956	0.8642413487133984
25	0.10777259368619836	-234.45215506554942	0.9109712230215827
25	0.22003736350253253	-265.8871297715802	0.9086294416243654
25	0.1710648379435153	-278.9527981479969	0.9009640666082384
25	0.179328271167079	-279.7695181484619	0.8961504028648165
25	0.28394572244558985	-402.4812045743403	0.8340767172167708
25	0.2822103021338557	-428.9724041027588	0.8523985239852399
25	0.16495627170538452	-384.4172325185732	0.8336466165413534
25	0.18276435865890078	-273.0986187478652	0.8944494995450409
25	0.29134693509066156	-447.3294512498641	0.8548387096774194
25	0.13220316338181728	-435.1656947138506	0.8262008733624454
25	0.2916096443559414	-295.8849865823903	0.8817863397548161
25	0.29246271938037266	-445.10004745280827	0.8256880733944955
25	0.11502516633291307	-357.3624104941348	0.8670618120237087
25	0.20066965469163542	-229.32430698027207	0.9245614035087719
25	0.20208083979470443	-317.68839080008087	0.8979253112033195
25	0.16650544590196648	-316.7935542748867	0.8739130434782608
25	0.06223365335567906	-244.64386215810666	0.9105125977410947
25	14.232471713017544	-6559.57871622875	0.8770890441241489
26	0.12250208433257005	-276.68559074676085	0.8885918003565062
26	0.2908900952799568	-289.7770390338327	0.887511071744907
26	0.2273272215925728	-366.7358457291947	0.8598047914818101
26	0.22143013992736482	-319.50051032543894	0.8741007194244604
26	0.39394504402193237	-354.8653508245432	0.871404399323181
26	0.16051718367062218	-366.10228767776823	0.8685363716038562
26	0.24253678030253908	-321.9682822358831	0.8791405550581916
26	0.20641267789232765	-343.99491738358216	0.8679750223015165
26	0.20757229315303938	-317.3617948753217	0.8819188191881919
26	0.1699880720457652	-341.96295075508635	0.8477443609022557
26	0.1312936855278385	-258.97942863780895	0.89171974522293
26	0.2438787956960963	-314.72276876071754	0.8745519713261649
26	0.19302803970314836	-458.37462688074623	0.8253275109170306
26	0.2077282584910738	-261.66898333128677	0.9080560420315237
26	0.28925455826995355	-362.3136280137659	0.8614678899082568
26	0.1779327791065982	-448.8368771318547	0.8264182895850973
26	0.14865604305810357	-220.13852717954293	0.9271929824561403
26	0.23169469717876637	-314.74037843287437	0.8946058091286307
26	0.2000005251546065	-415.4337233520683	0.8321739130434782
26	0.07982969163431364	-236.1471246558714	0.9139878366637706
26	14.663676661032172	-6590.310635963948	0.8741268016623928
27	0.20997345359057987	-319.5720244242833	0.8734402852049911
27	0.28080691897912247	-389.47597722690824	0.8441098317094774
27	0.15012975475216198	-311.4515486984099	0.8837622005323869
27	0.1054065052146018	-220.02976175083458	0.9253597122302158
27	0.33472275931381734	-284.88383004024973	0.9001692047377327
27	0.16538720359425277	-329.06121426856777	0.8764241893076249
27	0.2287702904670082	-271.7657007545125	0.8970456580125336
27	0.3307587991796774	-386.6871731639206	0.83942908117752
27	0.28046610883958617	-392.788736845266	0.8542435424354243
27	0.2559125915114724	-463.0188076908061	0.8092105263157895
27	0.2988698129614519	-323.85688204132674	0.8689717925386715
27	0.3370415487575057	-557.6770136296964	0.8207885304659498
27	0.21292298782545763	-479.06725778333197	0.8113537117903931
27	0.32168947690701033	-396.86633279537466	0.841506129597198
27	0.20278473322049329	-389.25396899006034	0.8486238532110092
27	0.16950149875543258	-337.25815979759847	0.8763759525825572
27	0.11654628024006133	-230.93742032584802	0.9245614035087719
27	0.11866659499731105	-257.67938990091494	0.9195020746887966
27	0.14012945481821593	-275.44006681463617	0.8947826086956522
27	0.17702925259915236	-264.4900295635964	0.9061685490877498
27	14.971018721623135	-6881.2612965061435	0.8712971969228048
28	0.1262055294602524	-305.75202714012624	0.8921568627450981
28	0.06712975625745599	-239.67974931466168	0.9140832595217007
28	0.14679904575299282	-243.27494879537284	0.9086069210292813
28	0.19077517765738802	-245.37871621863803	0.9100719424460432
28	0.31558768047183716	-318.67360075587743	0.8908629441624365
28	0.27178269192578297	-462.55999365114945	0.8212094653812445
28	0.1565203224632668	-297.276400625822	0.8854073410922113
28	0.2378439259646409	-316.4560198150624	0.8742194469223907
28	0.1671559917414159	-308.16322405113004	0.8856088560885609
28	0.1392472787487753	-261.2813495812568	0.8919172932330827
28	0.16379032818804584	-261.95058931103557	0.8935395814376706
28	0.13420191189278147	-255.3130283261447	0.9050179211469535
28	0.13482630263581785	-239.6132856393179	0.9109170305676856
28	0.18330934864773915	-275.4323652697548	0.9019264448336253
28	0.20831930948382363	-340.55333123547126	0.8688073394495412
28	0.16389062750040356	-269.5370272870433	0.90770533446232
28	0.16709362229843178	-258.9482237094661	0.9043859649122807
28	0.2234455714903306	-260.13419341188666	0.9145228215767635
28	0.29293891507003406	-335.10093333857105	0.8765217391304347
28	0.4061590502620655	-410.3811587481953	0.8427454387489139
28	15.479281689007598	-5905.460166225983	0.890087540896631
29	0.24572308070292379	-569.2511688040186	0.786096256684492
29	0.2148494521790535	-234.2133868077471	0.912311780336581
29	0.44564668535693885	-503.57833056786484	0.8145519077196096
29	0.19015004322526072	-577.8143429800879	0.7733812949640287
29	0.2798752168700789	-280.9250930080031	0.9018612521150592
29	0.35211967355421575	-558.3340066349457	0.8177037686240141
29	0.0934458985970186	-421.53055285743886	0.8263205013428827
29	0.20795107127225082	-279.6169778063632	0.8876003568242641
29	0.24942220787207847	-418.78970276822395	0.8450184501845018
29	0.07656891465233712	-297.1546844688022	0.8768796992481203
29	0.15964192942931263	-278.5464331603553	0.8844404003639672
29	0.197258056441834	-337.1537791184265	0.8826164874551972
29	0.1308745097779781	-316.4544358130481	0.8724890829694323
29	0.21218361008778464	-268.38454346108784	0.9036777583187391
29	0.16782789116751004	-292.59450276473757	0.8917431192660551
29	0.12303798586289602	-272.8367796015632	0.8899237933954276
29	0.20743226585200297	-242.15062542979967	0.9201754385964912
29	0.13104402225152667	-278.91334339500656	0.9053941908713693
29	0.06822451094571347	-218.3110882114655	0.9208695652173913
29	0.20474790478400554	-241.69169413157704	0.9174630755864466
29	15.78213214257295	-6888.245471790561	0.8719603855336457
30	0.1578020819751059	-318.26043671982865	0.8903743315508021
30	0.07388377903758739	-229.32297396238266	0.9202834366696191
30	0.19150412131740457	-243.29070641338092	0.9121561668145519
30	0.25379722282275957	-289.3332866324743	0.8893884892086331
30	0.3705391244930817	-381.72104612997987	0.8688663282571912
30	0.23603657719142374	-596.8630362903167	0.7808939526730938
30	0.22511756811357642	-241.6356718079776	0.9059982094897046
30	0.4122658683114768	-604.8598238692832	0.8090990187332738
30	0.16150446851880645	-512.6780884038735	0.7915129151291513
30	0.22801386436737936	-317.9863584537379	0.8599624060150376
30	0.1961093856394581	-329.1729101815076	0.8753412192902639
30	0.12560148084137526	-258.2120984790215	0.9023297491039427
30	0.10513674622283643	-244.17076770042843	0.9135371179039301
30	0.20024333182903023	-272.54456981934817	0.9045534150612959
30	0.19954941444782365	-285.21025756776794	0.8880733944954129
30	0.1157544636899444	-239.88428200046008	0.9297205757832345
30	0.07779678694193101	-202.37531877114404	0.9271929824561403
30	0.1273164952042217	-235.56755688401404	0.9153526970954357
30	0.13355807495663685	-235.38731703811624	0.9182608695652174
30	0.18324978814169826	-272.3863824740376	0.893136403127715
30	16.213177074830035	-6310.862889599081	0.8852683703245203
31	0.25457288064300104	-347.1371756940537	0.8663101604278075
31	0.33771097596115934	-420.9077619546935	0.8317094774136404
31	0.1725998261992934	-341.99231465257816	0.8713398402839396
31	0.20557452059686848	-245.04819938378824	0.9064748201438849
31	0.37682942878070813	-351.05206800479493	0.8756345177664975
31	0.14011207828021363	-322.3864742062811	0.887817703768624
31	0.24253022379613712	-309.6596586007507	0.891674127126231
31	0.22532412671340052	-349.0028332260631	0.8581623550401427
31	0.2394253203890555	-334.78548664366554	0.8680811808118081
31	0.1660929344775452	-354.0004557565526	0.8486842105263158
31	0.149291087450066	-240.8614210879013	0.9090081892629663
31	0.2846879847178138	-364.76811840297546	0.8682795698924731
31	0.16425193860574228	-462.59121917792766	0.8262008733624454
31	0.27606237852197224	-270.17925271601183	0.8940455341506129
31	0.30127950290898853	-450.7449855045214	0.8330275229357799
31	0.14538417181447852	-386.8869485647455	0.8433530906011855
31	0.262645435781224	-234.59676917900035	0.9201754385964912
31	0.2127225549719818	-350.68557337441854	0.8821576763485477
31	0.21084269127151606	-345.86185075134557	0.86
31	0.33172477497614866	-314.39752296498006	0.8818418766290183
31	16.578698195525952	-6797.54608984705	0.8712529843487488
32	0.1545687584813715	-383.97281849947484	0.8556149732620321
32	0.27711305125248986	-340.25448448417393	0.8618246235606731
32	0.2727439520315486	-343.6019640378914	0.8615794143744454
32	0.11036979990954265	-265.04891117607474	0.8992805755395683
32	0.12762688189657947	-240.56764926904998	0.9238578680203046
32	0.15680084232192046	-238.35976919159083	0.915863277826468
32	0.0678412027214349	-239.34404016426222	0.9086839749328559
32	0.07774225440697857	-221.29345314960466	0.9170383586083853
32	0.11858267857209634	-222.16915359639447	0.9105166051660517
32	0.12200335541796116	-203.84928832539103	0.9266917293233082
32	0.23625095955045836	-309.6830611236728	0.8689717925386715
32	0.36330654571797494	-430.7235749173122	0.8584229390681004
32	0.2730991365378267	-569.9860969453865	0.7947598253275109
32	0.34212752756751375	-336.66216913787525	0.8651488616462347
32	0.3173675277499573	-526.3583721959956	0.8220183486238533
32	0.20675533356381431	-437.2148712644049	0.838272650296359
32	0.24076434364697216	-250.57542199839867	0.9096491228070176
32	0.2167077081035322	-346.3772926447961	0.8813278008298755
32	0.19269945157004167	-369.11192037828187	0.8530434782608696
32	0.24210714460396704	-266.2870516119361	0.9070373588184187
32	16.926279620868016	-6541.441364111969	0.8788575470863914
33	0.18655979394678665	-370.4124352351654	0.8654188948306596
33	0.20180468945157648	-323.39964016982356	0.8733392382639504
33	0.2600389318169027	-296.53504228639315	0.8811002661934338
33	0.09879698989016529	-254.28110592525087	0.9073741007194245
33	0.12901436211027953	-222.4498146986339	0.9230118443316413
33	0.20433137980293917	-246.69044960267937	0.9167397020157756
33	0.10048373789130016	-256.6191525560569	0.9033124440465533
33	0.16000469811645412	-239.2728939721597	0.9054415700267618
33	0.21476394342007676	-295.4117239358295	0.8745387453874539
33	0.19048335465960328	-253.70136132775704	0.9013157894736842
33	0.22497180155711663	-383.5688227405564	0.835304822565969
33	0.23294454357944283	-288.8614336410094	0.8862007168458781
33	0.24216482517960322	-341.6585646612669	0.862882096069869
33	0.2383283794849142	-307.7435388657086	0.8887915936952715
33	0.17372610449602033	-287.7730520503666	0.8853211009174312
33	0.07937110492403966	-223.3526120646307	0.9212531752751905
33	0.14183827899139506	-199.61849343774554	0.9315789473684211
33	0.10631077154912948	-228.28132979179338	0.9319502074688797
33	0.07907359984212123	-198.8170677706192	0.928695652173913
33	0.07481709976739835	-201.73915986112328	0.9261511728931364
33	17.36062991067541	-5420.1876945945705	0.8979131665045539
34	0.14481702012421202	-249.14007563383518	0.8992869875222816
34	0.2629318737204196	-254.24495888159518	0.9043401240035429
34	0.14956587504063834	-279.1981084122804	0.9032830523513753
34	0.30865657453430856	-266.0495705338133	0.8947841726618705
34	0.560631271958312	-641.540828655986	0.7893401015228426
34	0.18442205568364098	-809.4959030030307	0.7361963190184049
34	0.40966623077360587	-529.4294562637922	0.7985675917636527
34	0.2966234470433663	-532.409685573402	0.8135593220338984
34	0.06182038108694656	-276.236791921926	0.8874538745387454
34	0.14215489489172392	-214.59550638360682	0.9144736842105263
34	0.12525635028175505	-266.7956744331052	0.8944494995450409
34	0.05445713144847994	-217.25972881502642	0.9130824372759857
34	0.066480799795681	-207.00754748556284	0.9231441048034934
34	0.16555690130982983	-240.0129051629257	0.9176882661996497
34	0.1805372695040027	-247.88438219853566	0.9036697247706422
34	0.14229327872221603	-235.72360009057712	0.9254868755292125
34	0.09935337679502117	-204.24760089233018	0.9298245614035088
34	0.080063632784888	-210.39269322706838	0.9294605809128631
34	0.1032636799891414	-200.71796222679757	0.922608695652174
34	0.21653171698155288	-238.46721257937057	0.9079061685490878
34	17.77561264777241	-6320.850192374567	0.8854010080466885
35	0.29344054729768526	-403.70246809384577	0.8502673796791443
35	0.3266581883701281	-336.1964501516114	0.8671390611160319
35	0.21498008337269686	-397.04844284546397	0.8553682342502218
35	0.1601837893876015	-205.47210555819981	0.9226618705035972
35	0.3117381084936617	-295.4111765487188	0.8900169204737732
35	0.10153842562274308	-267.0306704237051	0.9106047326906223
35	0.20981917979628673	-246.5290663701477	0.9140555058191585
35	0.23246923584533427	-293.76570436054504	0.8858162355040142
35	0.29816469395985823	-326.9647718067993	0.8708487084870848
35	0.19940553826792148	-491.0557651478196	0.8139097744360902
35	0.2847632183229799	-268.67806596190303	0.8835304822565969
35	0.348904884245465	-632.4669549996673	0.8154121863799283
35	0.10783355223955936	-388.34448076798964	0.8480349344978166
35	0.2656921005707537	-275.50980637510935	0.8896672504378283
35	0.25513781985449624	-385.4418261621167	0.8477064220183487
35	0.11487574912559147	-307.87435780922186	0.8797629127857748
35	0.18454015006568075	-196.85606198523934	0.9385964912280702
35	0.15827207318392453	-260.16038425057985	0.9153526970954357
35	0.13336894597010043	-249.0485950614264	0.9052173913043479
35	0.14389234024587305	-219.84202524856002	0.9252823631624674
35	18.156710243703426	-6447.3991799286705	0.8819524272703156
36	0.18843209989855653	-278.68811484967955	0.9019607843137255
36	0.22088359543283867	-245.5719027328673	0.9114260407440212
36	0.10124112490332009	-246.64863453820573	0.9183673469387755
36	0.15358059136473434	-192.4273622188889	0.9343525179856115
36	0.35741827685493655	-297.35386497445967	0.8908629441624365
36	0.2715344034618311	-415.49012572673183	0.8404907975460123
36	0.30242173194479	-348.9994148349514	0.8701880035810206
36	0.3039970756166232	-482.3747172372671	0.7957181088314005
36	0.09126872631786224	-259.89596707572355	0.9022140221402214
36	0.09587784361993716	-187.52732676662515	0.9304511278195489
36	0.14947304169318465	-231.26041014068593	0.908098271155596
36	0.12612601607601426	-224.2402885146092	0.9148745519713262
36	0.1795922432625464	-257.0173515986473	0.9039301310043668
36	0.28337153486419586	-317.40102061317776	0.8879159369527145
36	0.2574778945068223	-401.2833049236266	0.8431192660550458
36	0.16228643756433042	-222.73674308706066	0.9263336155800169
36	0.24790643520623595	-262.7628025347487	0.8982456140350877
36	0.2286115651808292	-466.3716332538365	0.8190871369294606
36	0.12806753961483044	-192.7872474616671	0.9330434782608695
36	0.2310818263805628	-277.3453272444623	0.9000868809730669
36	18.510833600976465	-5808.183560327921	0.8913254929702007
37	0.16832494737941003	-388.3876128647027	0.838680926916221
37	0.25837155425492464	-225.2168575615484	0.9185119574844995
37	0.2982067493303083	-420.6686830459144	0.8615794143744454
37	0.1856754619752993	-384.2344617317165	0.8426258992805755
37	0.35994310425776727	-272.55416491187026	0.9001692047377327
37	0.27489924188943565	-466.8482175225628	0.8413672217353199
37	0.29094690179480964	-414.31890827436905	0.8316920322291853
37	0.28303718237497033	-324.7321178913885	0.8751115075825157
37	0.23252356228305504	-362.98226010237624	0.8643911439114391
37	0.16729505200601671	-316.64766501358963	0.8609022556390977
37	0.22657440749037677	-266.38929994242034	0.8926296633303002
37	0.2286254173968477	-352.6017152662688	0.8709677419354839
37	0.15010034269833242	-327.144994687259	0.8655021834061135
37	0.2805178818952132	-269.05078190445136	0.9028021015761821
37	0.1874932482129209	-325.9180227223646	0.8788990825688073
37	0.20778166743181514	-290.84523893741846	0.8890770533446232
37	0.22659824733924122	-245.15355495647725	0.9157894736842105
37	0.07526884757394582	-235.40962908074368	0.9261410788381743
37	0.12916321862442245	-193.2974121591856	0.9339130434782609
37	0.2576139495957033	-258.5781142234436	0.9087749782797567
37	18.919170196320415	-6340.979712800071	0.8814218763816429
38	0.15999755488906728	-324.10107523563977	0.8868092691622104
38	0.1564154059073369	-220.41843219516093	0.9185119574844995
38	0.26347554603432427	-284.3261818286549	0.8864241348713399
38	0.14348267581868662	-252.34290937490604	0.9037769784172662
38	0.14048380734354518	-219.76319896215054	0.9230118443316413
38	0.2921554342554067	-263.8419489581612	0.9027169149868537
38	0.2800309354978648	-466.8844227028818	0.8146821844225605
38	0.18463246556131277	-276.219137768255	0.8893844781445138
38	0.16974395115452282	-280.86317665410184	0.8791512915129152
38	0.062364912657418496	-185.40092559930417	0.9407894736842105
38	0.06682860049599014	-209.5588828573075	0.924476797088262
38	0.09719121669691187	-192.47250305231367	0.9363799283154122
38	0.17366397444789142	-208.25957118772308	0.9196506550218341
38	0.3865809339040645	-325.2916133875325	0.873029772329247
38	0.2822641192803402	-509.72666943356415	0.8018348623853211
38	0.19501064634415288	-229.07487653713778	0.9220999153259949
38	0.27302577178971166	-262.6794360658125	0.9008771929824562
38	0.07918044283125387	-244.5611641603397	0.9286307053941909
38	0.16293122493866952	-192.62397796090787	0.9339130434782609
38	0.2453221038548514	-266.34520464022603	0.9035621198957429
38	19.4522895472111	-5414.755308562081	0.8998143071889645
39	0.10806759781039081	-279.5877356920359	0.9001782531194296
39	0.13552483010405925	-197.98273136221243	0.929140832595217
39	0.2527429024420133	-252.53555995497703	0.9023957409050577
39	0.26873331811841605	-271.44406131180006	0.8965827338129496
39	0.32602440951530315	-481.2000933791623	0.8248730964467005
39	0.3184101087271938	-379.36606646658623	0.8729184925503944
39	0.2207804515308719	-450.66569606036535	0.8164726947179947
39	0.0693649060905418	-195.00184041780003	0.9295272078501338
39	0.22296706926506296	-246.41202641046246	0.9012915129151291
39	0.17880814532059813	-346.63289043577817	0.849624060150376
39	0.12858260013526168	-206.2900004799977	0.9272065514103731
39	0.2812327116464718	-315.44506431145135	0.8853046594982079
39	0.16657807974792266	-463.0485705322918	0.8331877729257642
39	0.26178836019061885	-236.38588731576286	0.9115586690017513
39	0.33754027325713726	-454.2293429584106	0.8376146788990826
39	0.15890385278079924	-399.9606601397064	0.8501270110076207
39	0.1463156581788957	-189.77292308643206	0.9333333333333333
39	0.23712678278046953	-295.5625387328658	0.8937759336099586
39	0.17539924317206043	-347.47289867453213	0.8608695652173913
39	0.31999314279030866	-242.27744750701106	0.9139878366637706
39	19.902232910886575	-6251.274035229642	0.8834114422141657
40	0.24531074719051238	-443.1630991878414	0.8368983957219251
40	0.2519507083967252	-313.5658242777558	0.8733392382639504
40	0.3786493392730701	-371.1471477985599	0.8571428571428571
40	0.07848402692293414	-289.76875637428475	0.9001798561151079
40	0.2279562998588715	-259.1244502758672	0.9103214890016921
40	0.15447013863866393	-235.7773816810183	0.9193689745836985
40	0.10091770164004393	-216.98419240616525	0.9086839749328559
40	0.14793769208547994	-219.23212790148793	0.911685994647636
40	0.15417881321249718	-251.44229581355322	0.8929889298892989
40	0.13384900677819284	-194.40549602751148	0.9229323308270677
40	0.17483970113376893	-268.6852670521394	0.8871701546860783
40	0.24468747506830898	-266.5163349933111	0.9023297491039427
40	0.26952283981354347	-393.2586416451706	0.8410480349344979
40	0.2887273388209299	-305.5296692169913	0.8844133099824869
40	0.1311743792057127	-265.35340738771487	0.9045871559633027
40	0.1520987240324281	-194.7476711950514	0.9381879762912786
40	0.22094646173946933	-220.02571039721735	0.9228070175438596
40	0.08806002728308888	-219.39272607294092	0.9319502074688797
40	0.09852575754822418	-173.33355655329487	0.9408695652173913
40	0.22220632152152014	-219.30891776624748	0.9296264118158123
40	20.314381525825556	-5320.762674024124	0.9010522592625343
41	0.16788255979929048	-288.0952359627241	0.9010695187165776
41	0.21528636426941247	-213.8522501690652	0.9211691762621789
41	0.3346354320413217	-425.28197053489845	0.8385093167701864
41	0.25713872028848767	-325.75849243016984	0.8812949640287769
41	0.19698465634498394	-322.0561526986184	0.8815566835871405
41	0.11693535291318258	-205.9584266230589	0.9237510955302366
41	0.16279423593244272	-233.18385218705657	0.9042076991942704
41	0.27718929937353215	-262.51765668285003	0.9054415700267618
41	0.2571879318968753	-376.5130661339382	0.8487084870848709
41	0.14304860420549	-207.46471210487192	0.9229323308270677
41	0.10148686684120069	-217.66320912595202	0.913557779799818
41	0.13084016244174038	-200.04530206173544	0.9292114695340502
41	0.19873256286340657	-255.41253070433808	0.9048034934497816
41	0.3466977180645884	-319.9634857264824	0.8817863397548161
41	0.2730557746571565	-455.071856686646	0.8220183486238533
41	0.08503363955981841	-179.40638106380618	0.9407281964436918
41	0.3170114274480172	-253.38287422860571	0.9114035087719298
41	0.27371048183711116	-512.0337075962608	0.8157676348547718
41	0.09093730437577346	-179.98472804801642	0.94
41	0.23026549424688275	-247.44878299507636	0.9087749782797567
41	20.67969818028109	-5681.094673764172	0.8948182863206295
42	0.23069813117178992	-394.6222472688603	0.8440285204991087
42	0.30021477240483174	-253.98233963963526	0.9105403011514615
42	0.2843784690121653	-408.7936285807011	0.865128660159716
42	0.2668037451519438	-412.9549702520028	0.829136690647482
42	0.3663508162332125	-349.001172860346	0.8722504230118443
42	0.2656750598671716	-436.338854341795	0.8553900087642419
42	0.23092869220710974	-425.746957045536	0.8281110116383169
42	0.1648318549109616	-221.7671450619759	0.9179304192685103
42	0.24402306087176637	-338.51241087749565	0.8745387453874539
42	0.10137167577876527	-292.77997055915836	0.8712406015037594
42	0.17361922391751736	-233.16431198225007	0.910828025477707
42	0.211367583529599	-313.21209229023214	0.8870967741935484
42	0.11137836924065025	-290.4111206630904	0.8873362445414847
42	0.224504936672068	-215.09815338128064	0.9281961471103327
42	0.2164736475450739	-291.8434389298443	0.8926605504587156
42	0.11391152868396301	-247.3280881120722	0.9017781541066893
42	0.17842517282154896	-182.76961646919273	0.9429824561403509
42	0.14816119948874093	-223.40038802189397	0.9319502074688797
42	0.13035589840057854	-180.57634836605345	0.9417391304347826
42	0.10511637659502895	-189.2824769837359	0.9357080799304952
42	21.03314985184525	-5901.5857316871525	0.8918118312848174
43	0.11676725448575215	-226.24991260148317	0.9081996434937611
43	0.24053083346494364	-210.83203175473983	0.9255978742249779
43	0.20969753515361736	-269.799607917541	0.9086069210292813
43	0.14018456303755342	-187.24805736860839	0.927158273381295
43	0.20105391776304019	-238.727437112699	0.9128595600676819
43	0.28198482811254927	-280.2427959293946	0.8992112182296231
43	0.28915339137178664	-465.77558918022646	0.8155774395702775
43	0.1824409986516221	-224.0056777485018	0.91971454058876
43	0.29665321304903947	-243.56057854593382	0.9086715867158671
43	0.26442102494093905	-359.49289943995365	0.8486842105263158
43	0.11664370641327534	-221.1059065019143	0.9144676979071884
43	0.07987691360028837	-179.55680639572475	0.9381720430107527
43	0.14325163047504416	-189.81500275644663	0.9283842794759826
43	0.23898604654046757	-256.61666034579093	0.9098073555166375
43	0.20827982848892615	-357.6658083296546	0.865137614678899
43	0.15678252061023926	-182.3642669971608	0.9500423370025403
43	0.2504502764355042	-218.6152519822588	0.9254385964912281
43	0.35278619824117136	-397.73884217639517	0.8464730290456431
43	0.20852727918754696	-331.84243376288066	0.8878260869565218
43	0.1242021811765975	-222.87058781314013	0.9087749782797567
43	21.555883196481062	-5264.126154660449	0.9025996993544965
44	0.13945075888740655	-219.5389325585577	0.9215686274509803
44	0.17542175582189873	-205.88968247299198	0.9193976970770593
44	0.3377868195480069	-263.2786031441512	0.8961845607808341
44	0.298735620536779	-414.9782548650163	0.8381294964028777
44	0.18054016984903665	-250.30367307748725	0.9153976311336718
44	0.1958158498601484	-258.2800272634639	0.8965819456617002
44	0.1458359915394988	-225.2620133778138	0.9140555058191585
44	0.17449636999098542	-207.66271801485658	0.9214986619090099
44	0.16568904273405877	-220.7547472600119	0.915129151291513
44	0.17541029954152543	-213.65401796250862	0.9163533834586466
44	0.1091936429476461	-210.3273079611696	0.9181073703366697
44	0.13346888467357165	-192.05936769073082	0.9247311827956989
44	0.1991538861584122	-207.51933718623397	0.9266375545851528
44	0.26323403288454117	-345.1365518331228	0.8677758318739054
44	0.24170818781833156	-245.9348823289377	0.9055045871559633
44	0.2548931939464287	-256.69315818558067	0.8958509737510584
44	0.23963457872670954	-255.77441550466617	0.9035087719298246
44	0.26577289628929524	-381.58339421764526	0.8564315352697095
44	0.1525208610552218	-225.89129066681988	0.9191304347826087
44	0.10686465373013986	-192.58258132055732	0.9296264118158123
44	22.07530003201161	-4993.104956892323	0.9048987532054116
45	0.09082997732324104	-200.36018350014965	0.9251336898395722
45	0.09704136179945841	-172.80801767162788	0.941541186891054
45	0.2064264146881082	-187.07728928046905	0.9396628216503993
45	0.3126065589908748	-264.9886540409158	0.8974820143884892
45	0.4447139529042995	-398.1459325274612	0.8494077834179357
45	0.2709946242002675	-546.9185287150947	0.8010517090271692
45	0.23972569478318068	-230.46917268049532	0.9140555058191585
45	0.2299615363937871	-290.1962278628908	0.8893844781445138
45	0.08276175753296543	-194.03016175795955	0.9280442804428044
45	0.090476935764838	-153.02592497742307	0.9483082706766918
45	0.17372677779984239	-221.55077093908756	0.910828025477707
45	0.2379707194884935	-246.66431041607635	0.8978494623655914
45	0.2382413106881087	-414.41606642656876	0.8419213973799127
45	0.11449699643397002	-206.91499473791683	0.9316987740805605
45	0.15173542710547977	-171.5441480181389	0.9339449541284404
45	0.18065730868328753	-192.6964458045927	0.9381879762912786
45	0.12496292649520782	-172.94376168746683	0.9412280701754386
45	0.13460266600598492	-174.92002733362077	0.946058091286307
45	0.11937315334928897	-166.63792412768242	0.9408695652173913
45	0.24639594283160451	-204.4392909253785	0.9244135534317984
45	22.693935408074513	-4810.747833431017	0.9118843399062694
46	0.2835923586537811	-330.1782876900307	0.8859180035650623
46	0.32476693135072204	-449.737684270098	0.8272807794508414
46	0.29042641421399235	-383.57514047715335	0.8793256433007985
46	0.23347102188843058	-352.7897216332721	0.85431654676259
46	0.2625313251192823	-224.18817504301944	0.9255499153976311
46	0.2461057483450857	-302.014145708032	0.8869412795793163
46	0.27614653641035164	-406.8786891766178	0.8263205013428827
46	0.2775057287971815	-292.00765175029323	0.8920606601248885
46	0.2093228866621076	-281.287380001968	0.8976014760147601
46	0.1996923018170334	-305.58467532446264	0.8703007518796992
46	0.21729805504510072	-217.75720412292986	0.9208371246587808
46	0.25831719953936566	-305.2246224542502	0.8808243727598566
46	0.20254246954337046	-404.87645519042735	0.8480349344978166
46	0.2899972577004139	-244.1746805732283	0.9124343257443083
46	0.26295305819060805	-368.63732573115664	0.8550458715596331
46	0.23942099965773583	-379.1210264284325	0.8518204911092294
46	0.2296226730858467	-218.8675031111828	0.9271929824561403
46	0.1964651140521673	-258.00539353498016	0.9095435684647303
46	0.2057362303931274	-313.26263138928886	0.8686956521739131
46	0.23631571992356157	-232.89128429728294	0.9183318853171155
46	22.953517026030674	-6271.059677908107	0.8821292775665399
47	0.1577762647574143	-289.0183417937879	0.8966131907308378
47	0.19998069297507107	-250.61189944402028	0.8945969884853853
47	0.2637234890617333	-264.80714390495325	0.8979591836734694
47	0.14384201574540756	-247.03100495637486	0.9046762589928058
47	0.09814867971663482	-172.78570775190778	0.9500846023688664
47	0.18830870486881818	-187.71723766007526	0.9439088518843121
47	0.12964508229321342	-213.40173038236392	0.9194270367054611
47	0.17843143059064798	-193.63361438096803	0.9214986619090099
47	0.216599607524645	-280.1343153628114	0.8800738007380073
47	0.20983884651420714	-219.96675635259908	0.9116541353383458
47	0.21649300309893654	-352.6574127791467	0.8489535941765242
47	0.16215891304310512	-206.95259784282078	0.9265232974910395
47	0.2272118591864114	-229.54716567500762	0.9074235807860263
47	0.3393494472311524	-314.8281216606912	0.8791593695271454
47	0.18487409257615164	-320.80275579897983	0.8688073394495412
47	0.1980615508485483	-195.51945956676101	0.9339542760372566
47	0.2358556805534168	-236.10008310498316	0.9096491228070176
47	0.08022069147091503	-195.34650051783933	0.9385892116182573
47	0.09587348624465716	-147.712496741076	0.951304347826087
47	0.2158474503987326	-196.66968424332902	0.9331016507384883
47	23.415044084945528	-4715.244029920497	0.9113980015916526
48	0.16462652667143468	-265.1156182437182	0.9090909090909091
48	0.16110842957084018	-177.5545195333138	0.941541186891054
48	0.28480410787190713	-295.6706493177444	0.8864241348713399
48	0.3017058628139263	-326.63024098872927	0.8839928057553957
48	0.2478607910649074	-403.8645044932594	0.8519458544839256
48	0.09604094600053194	-184.5262501303791	0.9333917616126205
48	0.07055561895821796	-162.15048940570514	0.9471799462846912
48	0.11717925773829935	-160.79757788956434	0.9455842997323818
48	0.16278039290831545	-177.95151112267297	0.9363468634686347
48	0.21038918851875124	-185.58797983910824	0.9285714285714286
48	0.1047384178396099	-193.13148745277266	0.935395814376706
48	0.14766105843001928	-162.60288165832182	0.9453405017921147
48	0.3006831274804526	-255.8473406750028	0.8995633187772926
48	0.5002558870704766	-578.9517344082446	0.8099824868651488
48	0.23590354503723898	-680.012974430151	0.7660550458715596
48	0.35625027695982076	-305.3792507145709	0.8848433530906011
48	0.43974453618533627	-737.7784212747351	0.7798245614035088
48	0.11066652477248538	-397.0843062837499	0.8630705394190872
48	0.26496979237730434	-226.20670652146583	0.9113043478260869
48	0.2739946143021128	-370.8750335635783	0.8557775847089487
48	23.748078367823606	-6247.719477946788	0.8903528163409674
49	0.07292617661976163	-256.88932520163917	0.9064171122994652
49	0.14815881236537398	-177.7859492066548	0.9353410097431355
49	0.21566301892010323	-247.53552392313225	0.906832298136646
49	0.1300364447316483	-230.62943034442628	0.9091726618705036
49	0.08007528065225389	-158.8145493867188	0.9517766497461929
49	0.15290190742999002	-183.66048183543182	0.9307624890446976
49	0.1661352511531759	-254.23359686726306	0.8880931065353626
49	0.16808152976836846	-196.87289653213398	0.9259589652096343
49	0.1380034829505745	-191.2719313344991	0.9326568265682657
49	0.11254489589251551	-150.7658787980783	0.9454887218045113
49	0.06233814395658537	-167.6879703164318	0.9363057324840764
49	0.06205463141480148	-147.85923487714544	0.956989247311828
49	0.051443620231699766	-143.9729274807402	0.9624454148471616
49	0.14182791263974734	-164.40950178584743	0.9527145359019265
49	0.21317590887909307	-177.60919861857852	0.9357798165137615
49	0.23346559732706657	-214.5513376971531	0.9246401354784082
49	0.1354730822737796	-174.65472453884425	0.9403508771929825
49	0.10863229727863219	-155.34822687754988	0.9535269709543569
49	0.08165772828829788	-140.00506580956474	0.9565217391304348
49	0.220204518266597	-169.92686713172432	0.9417897480451781
49	24.352757468967113	-3704.484618563557	0.9348306658413653
50	0.4451015860701655	-404.1437787075431	0.8618538324420677
50	0.27942235064910936	-824.3303345585992	0.7519929140832595
50	0.43580471297554746	-361.66440145217433	0.8606921029281278
50	0.34835678642145407	-749.7191432532128	0.8057553956834532
50	0.07554968004375265	-232.06991161865142	0.9153976311336718
50	0.1883163072556386	-216.2235789557693	0.915863277826468
50	0.20316296946335666	-258.73577326249267	0.909579230080573
50	0.18016775235307175	-238.26266119128604	0.8974130240856378
50	0.27691454484050165	-207.7758253089012	0.9178966789667896
50	0.16846103664341155	-234.65010921818404	0.9210526315789473
50	0.1009338447679057	-186.26546767630734	0.9262966333030027
50	0.23635233885783694	-186.11477626522296	0.9310035842293907
50	0.23038171591634873	-279.0296423690941	0.8943231441048035
50	0.20925618400016016	-232.0945591864842	0.9124343257443083
50	0.19399991589647383	-244.66426273917543	0.8954128440366973
50	0.1275664312662368	-178.6826734908932	0.9483488569009314
50	0.07797169274428382	-143.01639151299165	0.9491228070175438
50	0.07859529352448645	-147.7775480629828	0.9585062240663901
50	0.06393853593726329	-135.2790144626282	0.9582608695652174
50	0.18216646904793282	-155.0695699663243	0.9513466550825369
50	24.685906388337322	-5615.569423258918	0.9045450526129631
51	0.2442081178152854	-264.4995830960154	0.910873440285205
51	0.23467259448291936	-222.6015537435887	0.91674047829938
51	0.2701709033898414	-276.4274481610417	0.8935226264418811
51	0.3054046056319664	-326.39149224122656	0.8965827338129496
51	0.23588264781737578	-425.9736503341069	0.8460236886632826
51	0.09209773931824718	-163.93944330574323	0.9404031551270815
51	0.12060493293650895	-151.66820886340344	0.9570277529095792
51	0.15724309963099725	-164.333815504021	0.9393398751115076
51	0.3040856493468275	-218.56103689981182	0.9114391143911439
51	0.27413195663567647	-328.65573785729526	0.8665413533834586
51	0.16230273786039498	-227.54169526255689	0.9117379435850773
51	0.14762922109338153	-198.65600712348407	0.921146953405018
51	0.16248313813982565	-180.1197304991726	0.9397379912663756
51	0.23610004889141614	-268.63247750659605	0.8975481611208407
51	0.2307659693964861	-226.26777663591727	0.9091743119266055
51	0.20588620000785543	-212.31274909845752	0.9144792548687553
51	0.20146017641524416	-196.64151666478884	0.9236842105263158
51	0.2588823372159898	-312.4785302388046	0.8838174273858921
51	0.19546865814092954	-243.92420208561347	0.9139130434782609
51	0.222012946243129	-236.85542816180464	0.9018245004344049
51	25.145408747191023	-4846.48208328345	0.9096737112034663
52	0.2211635172941408	-270.2280543256562	0.9090909090909091
52	0.16325781908983397	-187.2417630856545	0.9353410097431355
52	0.09725272432336181	-163.76922824193804	0.9432120674356699
52	0.06211632791583562	-127.05202086932584	0.9649280575539568
52	0.08532412231634112	-141.13609425557362	0.9602368866328257
52	0.09526095511050443	-133.01729211244097	0.9640666082383874
52	0.16769503731774604	-151.9877174054478	0.955237242614145
52	0.2678963697428301	-200.369875569085	0.9170383586083853
52	0.491217396709153	-423.0340303041927	0.8367158671586716
52	0.23327811939857213	-717.2722307045104	0.7828947368421053
52	0.4001196514465205	-455.50272422691427	0.8234758871701547
52	0.3263828228367491	-642.5649093786072	0.8279569892473119
52	0.20820151529023154	-275.74706421868086	0.8908296943231441
52	0.24227707658052786	-247.3973051161599	0.8931698774080561
52	0.1521154407254816	-224.24291380542718	0.9091743119266055
52	0.08736851852381035	-160.78704129444876	0.9381879762912786
52	0.1519001553622057	-150.70629932558234	0.9570175438596491
52	0.13200754533596196	-176.25451765885614	0.946058091286307
52	0.12031570740167036	-142.55138914997883	0.9565217391304348
52	0.08242447320357574	-144.86762266524374	0.9539530842745438
52	25.4529015388723	-5135.730093713724	0.9142718189052966
53	0.08067668486742505	-168.408102533214	0.9349376114081996
53	0.15855785559513239	-156.01065748105935	0.9512843224092117
53	0.21164972132213045	-203.87409155584294	0.9263531499556344
53	0.2497480011832755	-203.07585057827902	0.9190647482014388
53	0.27432406147954524	-294.4284100284891	0.8908629441624365
53	0.337189237398982	-322.71685422956585	0.8843120070113936
53	0.2727973142562849	-489.0444282471495	0.8128916741271263
53	0.08871714704642125	-166.58125105318345	0.9429081177520071
53	0.11655344267503942	-149.86044407804386	0.9400369003690037
53	0.16139807387387733	-180.05099181549463	0.9257518796992481
53	0.0926530623262643	-169.82812060663866	0.9272065514103731
53	0.15174115634495491	-146.85173246542212	0.9578853046594982
53	0.2112351022991247	-179.75334081553618	0.9371179039301311
53	0.30139378678165935	-270.6685351062571	0.8975481611208407
53	0.18056466969193072	-244.81872208725352	0.9110091743119266
53	0.2725682111337012	-203.11511666678012	0.9271803556308214
53	0.31739400396198486	-438.6290778510477	0.8245614035087719
53	0.1525343503770032	-226.8222315769414	0.921161825726141
53	0.13803189840545677	-177.77319446827025	0.9347826086956522
53	0.17023423348911162	-165.2640429140644	0.947002606429192
53	25.93802668380953	-4557.575196158534	0.9155981961269785
54	0.2238797239399048	-255.40625614671174	0.9055258467023173
54	0.18801018865143665	-203.8887990877378	0.9229406554472985
54	0.14467567001184695	-183.07768992496528	0.9307897071872228
54	0.1174133890907246	-144.42969107520278	0.9451438848920863
54	0.1882979942267365	-186.43375986410172	0.934010152284264
54	0.27220659879036885	-234.21002636250103	0.9044697633654689
54	0.2797524900029423	-446.6500819169858	0.8325872873769025
54	0.11635479917478934	-180.54376030947023	0.9322033898305084
54	0.140511654734631	-144.74347177970404	0.9520295202952029
54	0.14740674334932136	-141.7033214411599	0.9492481203007519
54	0.22819429574179173	-186.22954332030687	0.9235668789808917
54	0.20780964540855754	-223.61808930199913	0.9175627240143369
54	0.22635556571346763	-186.63255114324778	0.9344978165938864
54	0.24914106829077537	-343.6193986528305	0.8695271453590193
54	0.1546315348903616	-182.12274599178306	0.936697247706422
54	0.16677525091084186	-198.47943023874376	0.9161727349703641
54	0.23182990604862672	-195.54300322063085	0.9263157894736842
54	0.297740650028394	-335.3437428933186	0.8738589211618257
54	0.36299069541628937	-291.5064998564525	0.8826086956521739
54	0.15167280869760216	-299.7857134281548	0.8992180712423979
54	26.396898525405238	-4563.967575956008	0.9140949686090725
55	0.2770877776037482	-194.43217215057084	0.9367201426024956
55	0.2947031563940597	-355.9220998006298	0.8742249778565102
55	0.09125089736995527	-169.47363791118218	0.940550133096717
55	0.16758905605330165	-156.2977404153753	0.9505395683453237
55	0.18396716294888354	-194.0632824537221	0.9314720812182741
55	0.1326339042657489	-157.24569965964176	0.9474145486415425
55	0.2601302638852067	-228.3032440457894	0.9059982094897046
55	0.4221839044249478	-437.26427846452003	0.8456735057983943
55	0.19096352985821152	-609.4740714223886	0.794280442804428
55	0.32408438499812553	-339.83387888289735	0.8524436090225563
55	0.2032499090814097	-363.47608470692006	0.8789808917197452
55	0.10686229375304987	-156.43730322065522	0.9381720430107527
55	0.1654371627664112	-168.0755415941547	0.9327510917030568
55	0.150810783464909	-202.1925648222949	0.9229422066549913
55	0.11556972001612882	-170.90294066962937	0.9330275229357798
55	0.07145596604062777	-130.98775453799766	0.9610499576629975
55	0.14371289366865045	-132.81815359023977	0.9640350877192982
