java.lang.NumberFormatException: For input string: ""
# ***** RESTART **********
Try init with scale 1.0
epsilon: 1.0E-8  alpha: 0.01
Iteration	stepsize	objective	accuracy
1	0.5536866096026655	-855.7334787369988	0.5309810671256454
1	0.07948922076814094	-751.6752572331566	0.5638009049773756
1	0.0986371662097576	-763.0786900509688	0.5721877767936226
1	0.6703830529533886	-746.8036227539096	0.5634057971014492
1	0.20633773731750096	-783.6081665694384	0.5390625
1	0.0837620815416051	-759.5866897999709	0.5905096660808435
1	0.3016150195542427	-754.8567766465297	0.563588850174216
1	0.11906877012785042	-752.3308736522384	0.6203301476976543
1	0.1658287619291962	-753.4583207086397	0.6085440278988666
1	0.09008347777417061	-741.8997848993454	0.6459246275197196
1	0.1495773603708545	-722.1031858273931	0.6424731182795699
1	0.08737175324899198	-724.3597039766589	0.6754155730533683
1	0.7437686718261151	-696.233836883708	0.6323529411764706
1	0.06531900505078102	-701.7844479221983	0.49476439790575916
1	0.2900514807070103	-680.414355220171	0.4698046181172291
1	0.04652914187574628	-667.0727919415642	0.7158273381294964
1	0.024729173978783252	-663.4281229234422	0.7196836555360281
1	0.0769805270505459	-658.7548159266565	0.7132743362831858
1	0.056758465847658375	-634.6046194216593	0.7392497712717292
1	0.04324468474287196	-663.0370311637063	0.7197563098346388
1	0.04324468474287196	-14474.824572258356	0.6157043063047131
2	0.03945540971124299	-666.9952071619842	0.7547332185886403
2	0.0825954354618302	-638.1690562162983	0.7285067873303167
2	0.03544373548705139	-635.1522454461023	0.7546501328609388
2	0.04363410584031734	-615.003336828611	0.7644927536231884
2	0.026458635902803864	-669.0565308844812	0.7022569444444444
2	0.12247285738636102	-644.7115706711445	0.7425307557117751
2	0.026913867399492593	-633.9327145850118	0.730836236933798
2	0.011661107227225794	-634.7024991752135	0.7732406602953953
2	0.02945293448027206	-649.2069785202418	0.7567567567567568
2	0.037915480065402844	-644.2947793365861	0.7554776511831727
2	0.17771498494637175	-624.7345937404217	0.7553763440860215
2	0.04094042970635229	-623.7926165446203	0.7777777777777778
2	0.018299196157260125	-601.9624395539475	0.7601102941176471
2	0.06284323838012361	-640.9315704407153	0.7425828970331588
2	0.1499172278373194	-616.2842438619406	0.7566607460035524
2	0.020893307386412954	-620.2977144596993	0.7212230215827338
2	0.05013792093374396	-616.82753006487	0.7504393673110721
2	0.02707373542106106	-611.023819434143	0.736283185840708
2	0.06736941026715634	-592.5261108259754	0.7593778591033852
2	0.023383641249730778	-620.4623134652078	0.763272410791993
2	0.8186613321443531	-12600.067871217216	0.749314705102131
3	0.01349382883224141	-624.2209594435186	0.7685025817555938
3	0.053018438297827285	-598.8642118094841	0.7484162895927602
3	0.024955764102764746	-595.5043532348209	0.7767936226749336
3	0.020684292526108206	-574.4177966627028	0.7980072463768116
3	0.025672488091149914	-634.3555472721908	0.7361111111111112
3	0.022385983112747747	-608.0051424275864	0.7688927943760984
3	0.02425745662734082	-601.8945085759599	0.7613240418118467
3	0.03097243421383717	-601.5172619918093	0.7932232841007819
3	0.020898774713660483	-620.3136747618546	0.7585004359197908
3	0.005604454535172204	-613.827187259824	0.7572304995617879
3	0.059765685295351964	-594.8357210390934	0.7795698924731183
3	0.018936903361485718	-591.4428004320658	0.7804024496937882
3	0.015777012717145406	-576.7562024702497	0.7683823529411765
3	0.042207236570413094	-616.8166394011605	0.756544502617801
3	0.018575231896621282	-595.4409544300826	0.7477797513321492
3	0.015831483469161793	-602.7301572912563	0.7491007194244604
3	0.02106362286774352	-598.1512058089432	0.7706502636203867
3	0.3447701970323266	-592.6230116151928	0.7584070796460177
3	0.026180281424555023	-570.019558136672	0.7767612076852699
3	0.01739241640306214	-596.9662772722306	0.7597911227154047
3	1.3829441276044614	-12008.7031713367	0.7656733575028738
4	0.05696262953673418	-601.7640949734656	0.7641996557659209
4	0.021955310812303296	-576.479112905351	0.7502262443438914
4	0.008051548532527451	-572.1094344257683	0.7821080602302923
4	0.039569073129419534	-552.9198318128022	0.802536231884058
4	0.068853152169145	-613.7903041578926	0.7491319444444444
4	0.019342505736453915	-585.5329816869149	0.7706502636203867
4	0.07084438356293138	-581.0206380272074	0.7621951219512195
4	0.020492691215888672	-577.6107493520404	0.7984361424847958
4	0.033426964584115294	-597.3539562115054	0.7646033129904097
4	0.1377394391517098	-591.034978948575	0.7721297107800176
4	0.016465751997462676	-569.8158293469326	0.7759856630824373
4	0.026161249420560556	-568.4909875300891	0.7839020122484689
4	0.03412376814529678	-554.6541109642573	0.7766544117647058
4	0.033937671903720316	-594.6402917412557	0.7574171029668412
4	0.0565343819278702	-571.9328376371597	0.7566607460035524
4	0.05348956934447818	-580.9104192556748	0.7661870503597122
4	0.40606239621020856	-572.9687622922531	0.7653778558875219
4	0.05727823359457287	-566.3021963957195	0.7752212389380531
4	0.2703623353849637	-550.0554702420724	0.7621225983531564
4	0.047658169372291476	-576.6914341590413	0.7711053089643168
4	1.9613725446793413	-11556.07842206598	0.7703156777787603
5	0.02232891221063746	-580.1970921919569	0.7728055077452668
5	0.18252767830957609	-556.9287589165157	0.7701357466063349
5	0.034888170985424634	-552.9224271376556	0.7821080602302923
5	0.025998354848641488	-531.1970989681149	0.8034420289855072
5	0.04577161835702847	-596.6913956939842	0.7543402777777778
5	0.08579372800559285	-567.2677963776056	0.7653778558875219
5	0.10554469276793207	-561.1305701651135	0.7796167247386759
5	0.05601001206947495	-558.8039868843607	0.789748045178106
5	0.03290867488885893	-575.2649325479647	0.7785527462946817
5	0.04570039693456099	-574.2507979869339	0.768624014022787
5	0.06342252677705718	-553.8100064344171	0.7813620071684588
5	0.024605630282018384	-550.6252113073042	0.7865266841644795
5	0.07839984950860086	-537.3482841860812	0.78125
5	0.033141501498676694	-576.1817784738761	0.7574171029668412
5	0.028097586258518586	-546.3201864847831	0.7744227353463587
5	0.06089873131211209	-565.2615104080402	0.7697841726618705
5	0.03852069286209345	-553.1366281034273	0.7750439367311072
5	0.3393673681277569	-547.6347848788483	0.7849557522123893
5	0.04785952685138496	-527.8346275280104	0.7849954254345837
5	0.07609508404879894	-554.1000961239744	0.7789382071366405
5	2.45789870862023	-11166.90797079897	0.7769033513131135
6	0.02857965662683515	-563.7807369093779	0.7917383820998278
6	0.13853801532442425	-538.9848165100817	0.7628959276018099
6	0.04534174529731776	-546.5087670479386	0.7661647475642162
6	0.10605972946238912	-509.7066582011798	0.7998188405797102
6	0.06707744756992691	-569.8597680558227	0.7621527777777778
6	0.03846033074504716	-539.7575461317165	0.7715289982425307
6	0.03610369716740934	-532.5220407404139	0.7874564459930313
6	0.02869713388839685	-534.0548319351146	0.794092093831451
6	0.03907078980802978	-551.2911957560493	0.7872711421098518
6	0.23387716333861613	-543.874137401753	0.7843996494303243
6	0.0317298025325173	-525.3308162045511	0.7983870967741935
6	0.015905194213101877	-521.7570432434285	0.7979002624671916
6	0.092612599804006	-506.89663394319217	0.7858455882352942
6	0.037869286043639254	-545.3407649404994	0.7801047120418848
6	0.09812040480221104	-508.72376783549294	0.8134991119005328
6	0.03530123182916855	-527.1544218398636	0.795863309352518
6	0.16505018565788424	-510.90759916835316	0.8075571177504394
6	0.04334419057492855	-507.0951280955609	0.8088495575221238
6	0.009640335525585384	-487.21695147919615	0.8215919487648673
6	0.08546519014177009	-507.83840337631364	0.8233246301131418
6	3.1279546643759093	-10578.602028815902	0.7919798390662305
7	0.03967115251576387	-528.9450841433364	0.802065404475043
7	0.06936183956426614	-499.08489706113164	0.8
7	0.04678812163172599	-506.15345718228554	0.8060230292294066
7	0.05414341290693408	-472.2047892877542	0.8442028985507246
7	0.04476123778340047	-520.0659545367813	0.7960069444444444
7	0.036464702686152387	-497.2915579731165	0.81195079086116
7	0.02318624883177137	-489.92029157745725	0.8249128919860628
7	0.04180451718615605	-492.1185645076101	0.8288444830582102
7	0.03594246996836411	-506.1324538357684	0.8134263295553618
7	0.08884407634755354	-498.6066461671685	0.8238387379491674
7	0.040590128828697086	-484.49981520879146	0.8413978494623656
7	0.01947797864693974	-484.4547314628138	0.8285214348206474
7	0.10814216017952455	-465.50843266498407	0.8198529411764706
7	0.04984696018710479	-505.54850939872057	0.8150087260034904
7	0.03344902464423833	-466.50085957821574	0.8454706927175843
7	0.05852830484287577	-477.09551753889184	0.8219424460431655
7	0.06843021198294728	-465.190356372282	0.8576449912126538
7	0.04108807168799387	-461.8375388218491	0.8486725663716814
7	0.07047473035708599	-445.62313696114524	0.8490393412625801
7	0.04915099439067584	-463.48845401569474	0.865970409051349
7	3.7158907237748133	-9730.271048295797	0.8271730480148555
8	0.026677598572569225	-480.3666795083032	0.8382099827882961
8	0.02821463947957781	-455.2581168887139	0.8389140271493213
8	0.028928877970392005	-458.35912865916447	0.8379096545615589
8	0.03847972244885003	-432.667128793614	0.8686594202898551
8	0.032558747570272	-475.2583257598913	0.8324652777777778
8	0.027821050758789993	-458.1682730682774	0.843585237258348
8	0.01781348566672328	-450.1811814047591	0.8623693379790941
8	0.03530291581922598	-451.7365267556383	0.8531711555169418
8	0.03160522171962075	-465.4611913428251	0.8448125544899738
8	0.03532345985462338	-458.6933337848828	0.8466257668711656
8	0.042208383193634666	-445.14053454808976	0.8718637992831542
8	0.016147504633902413	-449.45612449410726	0.8433945756780402
8	0.04517573162485373	-430.27227417966566	0.8391544117647058
8	0.0605543464064034	-473.69042155792613	0.8403141361256544
8	0.02901068783563692	-436.84165751141376	0.8712255772646537
8	0.027993792922089793	-442.1399126526586	0.8579136690647482
8	0.027709372650807126	-433.9723175213612	0.8760984182776801
8	0.07807635234116891	-434.3699367171473	0.8752212389380531
8	0.03358127067339247	-414.2993610582256	0.8664226898444648
8	0.029730625281109063	-435.14994165479425	0.8755439512619669
8	4.12326938194414	-8981.48236786146	0.854142718189053
9	0.02088538018350403	-450.68935257055205	0.8657487091222031
9	0.03856438762302317	-427.8199598510127	0.865158371040724
9	0.02760611518205726	-429.8120425329278	0.8547387068201948
9	0.030342900592860593	-406.69086646015984	0.8768115942028986
9	0.022838871008047514	-446.51001429029645	0.859375
9	0.0334295192864137	-433.02898805048267	0.8769771528998243
9	0.028698804795873056	-424.35686518661095	0.8789198606271778
9	0.02113922766604171	-425.6242236931659	0.8653344917463076
9	0.05347651177283103	-437.28457268377616	0.8692240627724499
9	0.04143600550344672	-430.95709804651267	0.8659070990359334
9	0.035139589879523245	-417.59576484639274	0.8924731182795699
9	0.02017397566423609	-424.6142453677083	0.8600174978127734
9	0.03198587093311305	-406.12161925742083	0.8584558823529411
9	0.045507497361855005	-449.02322263300937	0.8542757417102966
9	0.028175573261331077	-413.32260664633077	0.8969804618117229
9	0.027638344667805792	-418.0980095712413	0.8767985611510791
9	0.04591654876094577	-410.0810498409652	0.8840070298769771
9	0.022988274641219282	-411.71892619229084	0.8929203539823009
9	0.015521410715228348	-390.62709799497986	0.8966148215919487
9	0.042659311298900424	-415.2883300998735	0.8781549173194082
9	4.484949053370735	-8469.264855815709	0.8733751879034397
10	0.019529712929447645	-427.0507337703782	0.8769363166953529
10	0.017786716909995642	-407.86054661242304	0.8733031674208145
10	0.01996252953072913	-410.2464147493895	0.8715677590788308
10	0.03380205046339582	-389.5655793330963	0.8885869565217391
10	0.01890271500032934	-426.2732200308858	0.8723958333333334
10	0.027848956280000673	-414.3929794738647	0.8813708260105448
10	0.01850682379531804	-405.9976531512726	0.8832752613240418
10	0.02400070668607918	-407.3894150723324	0.8818418766290183
10	0.02882085641894567	-418.32055969452455	0.8823016564952049
10	0.024991334656376516	-413.6269399890884	0.8729184925503944
10	0.032237870790741946	-400.190213939544	0.9041218637992832
10	0.014342356030227344	-407.61106638894984	0.8722659667541557
10	0.05359519092419709	-390.30268324511485	0.8823529411764706
10	0.020307149575627216	-433.3354296410122	0.8603839441535777
10	0.02397604432509941	-397.99717020150376	0.8969804618117229
10	0.06182798739215264	-402.59487416149716	0.8812949640287769
10	0.03449236400020649	-393.726415337472	0.9033391915641477
10	0.044926276280173615	-395.91524490308774	0.8929203539823009
10	0.048473065716075334	-374.21633749220643	0.8975297346752058
10	0.02991174173481186	-398.496630924043	0.8877284595300261
10	4.7980744249849865	-8115.110108111687	0.8831019541957733
11	0.01802545314038968	-410.096271791166	0.8820998278829604
11	0.05498085103734942	-392.2630769129284	0.8832579185520362
11	0.07441536402995236	-392.7067246784643	0.8742249778565102
11	0.03239064177529268	-374.0489456851822	0.8894927536231884
11	0.012334681542665768	-407.0436069228865	0.8819444444444444
11	0.035393668896805716	-397.16447598011746	0.8875219683655536
11	0.017663069275058	-389.9402695969877	0.8885017421602788
11	0.023641998905835373	-389.40063313419495	0.889661164205039
11	0.031102107755756437	-399.9720252044462	0.8857890148212729
11	0.02018000964798829	-396.04510049284977	0.8886941279579317
11	0.03777028032461149	-382.3130429697678	0.9077060931899642
11	0.021584219856106472	-390.82865448170764	0.8775153105861767
11	0.025787084495888346	-374.6728017983703	0.8915441176470589
11	0.018881601585305725	-418.0506853286382	0.8603839441535777
11	0.029722765913891155	-383.064428815783	0.8978685612788633
11	0.06340429958867333	-386.40338195734245	0.8902877697841727
11	0.030786607320194982	-378.56923932818694	0.9015817223198594
11	0.041525639488509035	-381.2634883812364	0.8946902654867257
11	0.1284243467568312	-359.0451754394345	0.9030192131747484
11	0.034681642356493236	-384.7868436851387	0.8920800696257616
11	5.1137316420515475	-7787.678872584827	0.8883190379343885
12	0.016531610990677445	-394.77880877591224	0.8889845094664371
12	0.011962597578060303	-377.8958513382875	0.8877828054298642
12	0.032633974762150575	-381.28552419825496	0.8830823737821081
12	0.035539573442143535	-360.26032608400334	0.894927536231884
12	0.029942779527810586	-395.14095852856553	0.8802083333333334
12	0.03268836470962901	-384.92918130340297	0.8936731107205624
12	0.019069062503682725	-376.4285950008775	0.8928571428571429
12	0.018440535262074495	-377.4153657876462	0.8922675933970461
12	0.04803450517195671	-386.6502039142036	0.8979947689625108
12	0.02768723944133284	-383.16553540121214	0.8921998247151621
12	0.04644085155990203	-369.5587761257471	0.9121863799283154
12	0.02866236651342559	-378.71855865014277	0.8810148731408574
12	0.03512690970442591	-363.33952056687235	0.8924632352941176
12	0.02261196084811547	-406.3174617358726	0.8647469458987783
12	0.03690368320523821	-371.6393643276294	0.9023090586145648
12	0.29443805942866796	-373.7646201239228	0.8911870503597122
12	0.03560085037826812	-365.53006994715156	0.8954305799648506
12	0.010014171444418076	-367.0290495329197	0.8982300884955752
12	0.023357917762580883	-345.49841496030297	0.9075937785910339
12	0.05904453499717425	-371.72960351975684	0.8920800696257616
12	5.415036018557114	-7531.075789822686	0.8919886815810416
13	0.02914310151346443	-383.3775838121434	0.887263339070568
13	0.045024284020761786	-367.0454640719331	0.8895927601809954
13	0.03112990838448352	-368.09959383963707	0.8839681133746679
13	0.06020778483879283	-348.10412933887096	0.8940217391304348
13	0.027270241130283535	-380.4782035840817	0.8828125
13	0.03719313127992647	-371.80339217932965	0.8919156414762741
13	0.028054733605512236	-363.5131014681556	0.8963414634146342
13	0.017620330514756137	-364.21011651440926	0.8922675933970461
13	0.06884224782657429	-372.64319948324373	0.9014821272885789
13	0.034541962356537885	-368.548618320332	0.8974583698510079
13	0.03874377268731574	-355.9645832266912	0.9068100358422939
13	0.023302692082861214	-366.20867750027253	0.8810148731408574
13	0.04550409894436999	-350.9585342928325	0.8915441176470589
13	0.016994147489975277	-393.187143845276	0.8699825479930192
13	0.04363771273742763	-358.14068916617754	0.8996447602131439
13	0.16484591380379437	-360.07234809160343	0.8938848920863309
13	0.03393969656608292	-352.88319278591564	0.8989455184534271
13	0.02879958763384911	-355.78935961036865	0.9008849557522124
13	0.03793873195002631	-333.11096620531816	0.9103385178408051
13	0.05001829926907986	-359.3140661358928	0.8946910356832027
13	5.732014515304248	-7273.452963472483	0.8931824210805553
14	0.015065092569399152	-369.94013025484975	0.8889845094664371
14	0.0495623549357657	-355.6426009881661	0.8923076923076924
14	0.03076841321943079	-358.3092734316905	0.8830823737821081
14	0.04679058361477931	-337.9916870469849	0.8967391304347826
14	0.028854204209284594	-368.76741412108635	0.8845486111111112
14	0.028244705254661797	-360.02104548739527	0.8936731107205624
14	0.022672490833229312	-352.98486668660684	0.8972125435540069
14	0.01854584310798912	-353.60747375675396	0.894874022589053
14	0.06860032752174443	-360.62969792864766	0.9014821272885789
14	0.028812744884550396	-359.3426065909872	0.8939526730937774
14	0.028763932246471037	-343.9480241751363	0.9077060931899642
14	0.02110083777795543	-355.8253610610557	0.8836395450568679
14	0.03824642239110865	-340.8253133991229	0.8952205882352942
14	0.023319677664112918	-383.80980220133927	0.8664921465968587
14	0.023434606682656896	-348.0112595431735	0.8987566607460036
14	0.08271493916021658	-348.95001680411735	0.8974820143884892
14	0.024716863284906503	-342.3368010073622	0.9024604569420035
14	0.05030223679724652	-345.2302606270878	0.8982300884955752
14	0.02722032180125093	-321.8953054777192	0.909423604757548
14	0.03985706804446113	-347.05944077283516	0.8920800696257616
14	6.025146861271594	-7055.128381362118	0.8938456096913963
15	0.018887130285756178	-357.6374472651581	0.8889845094664371
15	0.05969273561742703	-345.57428664300926	0.893212669683258
15	0.03327269167336542	-345.372315494403	0.8821966341895483
15	0.027631915234334642	-328.497870132383	0.8976449275362319
15	0.017479744288755806	-354.646811338603	0.8923611111111112
15	0.03995364617303548	-348.60205495348043	0.8954305799648506
15	0.022695165766777447	-341.5959515386664	0.9006968641114983
15	0.02066943006915791	-341.71553443953553	0.895742832319722
15	0.04114342455447752	-348.8344201195549	0.9014821272885789
15	0.02252662474423686	-347.7100136158563	0.8983347940403155
15	0.02771215449428621	-333.02181305477353	0.910394265232975
15	0.019675922284433867	-346.27382910745087	0.8810148731408574
15	0.060895204028628455	-330.8701456146215	0.8979779411764706
15	0.022028438226426857	-373.7042486012561	0.8656195462478184
15	0.027929197076802408	-337.36588790219247	0.8996447602131439
15	0.040686098029268813	-337.9553209980402	0.8974820143884892
15	0.03941714025188436	-331.58386456739	0.9033391915641477
15	0.03244792521421289	-335.4510313640841	0.8982300884955752
15	0.02108782818914487	-310.93159096920766	0.909423604757548
15	0.02698580140053249	-337.06694403325025	0.8955613577023499
15	6.281097334002952	-6834.411381752918	0.8951719869130781
16	0.01803671895569703	-348.08375136635095	0.8907056798623064
16	0.08444003750304323	-336.33274456723404	0.8959276018099548
16	0.02489252717150074	-335.9822537874357	0.8839681133746679
16	0.03274061729744699	-318.76211237440367	0.8985507246376812
16	0.018504211899636074	-344.0219896443269	0.8888888888888888
16	0.03354290337331149	-338.6748244220798	0.8963093145869947
16	0.04368402573635879	-331.94993397999184	0.8989547038327527
16	0.024159022015910872	-332.62418567760454	0.8983492615117289
16	0.07285033871330107	-338.40118890255894	0.9014821272885789
16	0.029887341430062907	-336.94003347446744	0.8974583698510079
16	0.04190638000527877	-322.2912285372603	0.9112903225806451
16	0.04409517192028059	-336.42598382677755	0.8818897637795275
16	0.02880722450787326	-321.67964702974234	0.9025735294117647
16	0.028844235494442007	-363.0345410456263	0.8717277486910995
16	0.023854327814733595	-326.8551687702214	0.9005328596802842
16	0.17740834472552638	-327.06913388768766	0.8992805755395683
16	0.02659512353354853	-319.525773347228	0.9068541300527241
16	0.023514740751973382	-323.30174380990496	0.8955752212389381
16	0.028028377320812536	-300.13639919821196	0.9130832570905764
16	0.060861297817513614	-324.40758011255826	0.8981723237597912
16	6.63636312371548	-6626.5002177616725	0.8964983641347599
17	0.01947573611790547	-334.97666879285396	0.8924268502581756
17	0.04241358860085849	-324.4843090954785	0.893212669683258
17	0.021268436273533274	-324.7542614727822	0.8857395925597874
17	0.027965965621082726	-307.67047595368257	0.8985507246376812
17	0.018453114969537172	-331.7076250992938	0.8932291666666666
17	0.03329488446363505	-326.6449896531024	0.8971880492091389
17	0.02702338982758584	-319.8115054358897	0.9033101045296167
17	0.019670171447532046	-320.7724273711947	0.8992180712423979
17	0.08015686989887721	-325.06338517697907	0.9067131647776809
17	0.030068053190399607	-326.63831256583825	0.8983347940403155
17	0.01546305840676788	-310.5621189410634	0.9139784946236559
17	0.03044887862267117	-327.7312374928223	0.8880139982502188
17	0.05056419923809784	-310.6839176525592	0.8988970588235294
17	0.027159815411993617	-352.8859757532815	0.8673647469458988
17	0.01809082777705764	-315.17919170913115	0.9014209591474245
17	0.028615541812438725	-315.5329475761382	0.9010791366906474
17	0.03405388128140954	-309.4532349002257	0.9042179261862917
17	0.01836675356046326	-314.73717953530434	0.8991150442477877
17	0.015599434804965706	-289.2899936762797	0.9158279963403476
17	0.025096743336260892	-315.2083631002705	0.8990426457789382
17	6.8816428229215125	-6403.788120954172	0.8977805287823857
18	0.01890131385448263	-328.1023067587677	0.8941480206540448
18	0.02513694724600207	-316.6073349962166	0.893212669683258
18	0.030274719291436887	-320.7077739689373	0.8883968113374667
18	0.029555067337418854	-299.7973641920175	0.9021739130434783
18	0.029925704551454782	-323.7910687735267	0.8958333333333334
18	0.04439482441704385	-318.01677760173465	0.9007029876977153
18	0.11127773791502782	-311.47175070348334	0.9050522648083623
18	0.023715070387662837	-315.18537553619643	0.8922675933970461
18	0.004970168773118312	-313.7272056230204	0.9040976460331299
18	0.02183976982432749	-315.9472668284604	0.8974583698510079
18	0.019498960257835374	-301.57385422104795	0.9112903225806451
18	0.03233817629428472	-320.63652766923894	0.8871391076115486
18	0.07682612247437952	-302.26246920882517	0.8933823529411765
18	0.015845460813998583	-343.98682324025646	0.8699825479930192
18	0.022044687706644257	-306.6364045694365	0.9031971580817052
18	0.09086236659838248	-307.49098525971345	0.9037769784172662
18	0.021901564072690578	-299.43350561417844	0.9068541300527241
18	0.04623560722375044	-305.5433540409873	0.8946902654867257
18	0.029719087518198118	-279.4999224213377	0.918572735590119
18	0.019755107750701772	-305.31170680820503	0.8990426457789382
18	7.187775103774233	-6235.729778035588	0.898001591652666
19	0.0192224334132532	-317.08495510138516	0.8924268502581756
19	0.2015001046310752	-308.04192433917876	0.897737556561086
19	0.018452861381774516	-306.5607498266492	0.8892825509300266
19	0.01996228291308482	-289.1896505756548	0.9012681159420289
19	0.02282528235727131	-310.5857656860705	0.9045138888888888
19	0.03586872357555432	-308.7775490338774	0.9068541300527241
19	0.022781798388022724	-302.5210115080847	0.8972125435540069
19	0.028470293069273043	-301.0696488585829	0.9026933101650738
19	0.05901471528344448	-306.2033510242367	0.9102005231037489
19	0.03952222020439831	-304.2791544071526	0.8983347940403155
19	0.03259050415869913	-291.24173764805187	0.9148745519713262
19	0.027910455943264214	-307.2917161530545	0.889763779527559
19	0.02397583180486237	-291.29617254472595	0.8998161764705882
19	0.018310621341420134	-333.7091984227333	0.8760907504363001
19	0.0392407081392162	-294.9728179030261	0.9040852575488455
19	0.03467833570089581	-296.33713501641455	0.9037769784172662
19	0.029181796788239484	-288.4900605356076	0.9050966608084359
19	0.03225529976186058	-295.3408598249507	0.8991150442477877
19	0.02207898949763995	-268.81760196692585	0.9149130832570905
19	0.019838980823472994	-295.1834483508301	0.8990426457789382
19	7.506731735308637	-6016.9945087271935	0.9003006455035812
20	0.012153201381866739	-306.54913149454944	0.8950086058519794
20	0.008345389147128715	-297.614743654575	0.8986425339366516
20	0.029401276836111108	-302.1950149174287	0.8919397697077059
20	0.02957441297522955	-281.90275931594965	0.9030797101449275
20	0.03384949116387281	-302.1505105444094	0.8958333333333334
20	0.02789793649080304	-299.6022461666208	0.9015817223198594
20	0.011210078158307466	-292.4150300462058	0.9024390243902439
20	0.016616639961719054	-292.69625682200734	0.89748045178106
20	0.054152171919769204	-296.06471041074406	0.9084568439407149
20	0.0316637326005456	-296.31500573852134	0.8992112182296231
20	0.02278735836941914	-283.84924417202996	0.9157706093189965
20	0.017680718205204733	-301.0510966617819	0.889763779527559
20	0.04838608566625305	-284.06510796119403	0.8952205882352942
20	0.01917268947844175	-327.83009205258736	0.8699825479930192
20	0.014810172307005978	-287.8589776176984	0.9049733570159858
20	0.007106729604923818	-288.6074671923314	0.9019784172661871
20	0.01133780676851709	-281.43508737200057	0.9086115992970123
20	0.025409923089750656	-288.76412167929976	0.8964601769911504
20	0.013365760749764128	-262.531481204281	0.9176578225068619
20	0.018863121091911055	-288.3534197353656	0.8999129677980853
20	7.706380007088874	-5861.851504759582	0.8996374568927403
21	0.021020437914985684	-301.1658420481281	0.8967297762478486
21	0.054630524996537554	-292.7518770386372	0.8968325791855204
21	0.01879976712005122	-293.7882463979642	0.8945969884853853
21	0.036648616654742484	-275.277589521428	0.904891304347826
21	0.036225710274482674	-294.20862328217345	0.8975694444444444
21	0.036478513372738754	-293.43050606572376	0.9059753954305799
21	0.08621598450185268	-286.14298912780436	0.9059233449477352
21	0.025482238639724566	-287.56385783502816	0.894874022589053
21	0.10302871124051788	-288.3753910851947	0.9032258064516129
21	0.03229073444317259	-286.4241083739057	0.901840490797546
21	0.04869659297203544	-274.60857421554226	0.9193548387096774
21	0.034623008659020724	-290.5670845489663	0.8888888888888888
21	0.02480974380900143	-277.20883948627466	0.9016544117647058
21	0.02461480174552218	-319.364652524672	0.8743455497382199
21	0.025307032794807074	-278.8339474682231	0.9040852575488455
21	0.032246401351102745	-279.26733034014023	0.9028776978417267
21	0.022254728143495526	-272.5821812884535	0.9059753954305799
21	0.03415592441222228	-279.37932530738954	0.9
21	0.015984151770443437	-252.81311035543663	0.9167429094236048
21	0.018827838521422356	-278.4487690956495	0.8999129677980853
21	8.045918443362908	-5702.202845406736	0.9007427712441418
22	0.02074332349961672	-290.77266839514914	0.8950086058519794
22	0.04154781051227673	-283.37088492882265	0.897737556561086
22	0.019797010864966165	-284.43199631866213	0.8928255093002657
22	0.035675443427880676	-265.5635737553418	0.9039855072463768
22	0.03793153287170013	-283.0396056136746	0.8967013888888888
22	0.031255997633490414	-284.7431226561213	0.9050966608084359
22	0.006916349190144428	-275.97496941015453	0.9041811846689896
22	0.016043040784715384	-274.9609294009064	0.89748045178106
22	0.03581212353013305	-278.971004358441	0.9084568439407149
22	0.02951992799427542	-277.7767040421008	0.9035933391761612
22	0.024129657255789916	-266.3158063143282	0.921146953405018
22	0.01574034828380932	-284.09451672877873	0.8906386701662292
22	0.0361345277503141	-269.7791201389939	0.8998161764705882
22	0.020294389746274507	-312.8149055455229	0.8760907504363001
22	0.018820136890936607	-272.80840517325976	0.9040852575488455
22	0.026273442781887698	-272.10137149477924	0.9046762589928058
22	0.02246146390778019	-265.9812394943847	0.9068541300527241
22	0.020653868497492567	-272.2864327808168	0.8973451327433628
22	0.01787174964582073	-247.10879872376657	0.9204025617566332
22	0.01839127035116787	-272.48744854048664	0.9016536118363795
22	8.272588278797732	-5535.383503814492	0.9013175347068706
23	0.021984639317668652	-284.6945542561928	0.8967297762478486
23	0.02842588718944467	-277.0801455858081	0.9004524886877828
23	0.02576611114843222	-279.25922385401344	0.8945969884853853
23	0.026680166469235704	-259.69150593697185	0.9057971014492754
23	0.02666014133113007	-276.0727537405998	0.9001736111111112
23	0.040881186559487616	-277.09473083646526	0.9007029876977153
23	0.019071760303547642	-270.48858615461216	0.9041811846689896
23	0.0182347146734238	-269.1897538482182	0.8992180712423979
23	0.03792341824658119	-273.0153880907327	0.9102005231037489
23	0.02947974477365214	-271.8418510698307	0.9044697633654689
23	0.023201177832468823	-259.96580193082605	0.9184587813620072
23	0.017955087844354574	-278.15399549964036	0.89501312335958
23	0.028079686256644747	-264.6481477017055	0.9025735294117647
23	0.016911573586093156	-306.50504254358054	0.8726003490401396
23	0.01807259269718767	-266.7568371434842	0.9049733570159858
23	0.03435112672606665	-265.78571621549514	0.9073741007194245
23	0.021171036337081638	-260.15863440656983	0.9094903339191565
23	0.026677168883755143	-266.15140764403804	0.8973451327433628
23	0.01590222279647997	-241.11893010492653	0.9194876486733761
23	0.02143201783132943	-267.0265099984849	0.9033942558746736
23	8.507413655346827	-5414.6995165621975	0.902290211336104
24	0.012214828253373786	-277.35335492832775	0.8984509466437177
24	0.008141940539774233	-270.1522662214284	0.9040723981900453
24	0.024501220304806778	-273.92062980178935	0.8928255093002657
24	0.019409611368738807	-253.59641687889686	0.9085144927536232
24	0.023107435561711645	-269.4639586380215	0.8984375
24	0.03083807632204942	-271.5224520214707	0.9007029876977153
24	0.006171034435054123	-265.05655744733986	0.9059233449477352
24	0.015649201423893207	-262.54812651201513	0.9000868809730669
24	0.027388848185083584	-267.8813159202931	0.911944202266783
24	0.03066278688481347	-265.7175722096383	0.9053461875547765
24	0.018651891724031106	-254.86855262836679	0.9193548387096774
24	0.009199443594273812	-272.85899714742976	0.8967629046369204
24	0.029231305881526132	-259.9536218734642	0.9016544117647058
24	0.01679263074744236	-301.78618299576743	0.8726003490401396
24	0.0076554184529046086	-262.48417690930506	0.9031971580817052
24	0.004897292595679737	-260.26357481273817	0.9073741007194245
24	0.01190321511356118	-255.85141238248318	0.9086115992970123
24	0.02639441734384543	-261.8366065226059	0.8982300884955752
24	0.017174347003245976	-237.35379840793587	0.9194876486733761
24	0.01622819167352126	-263.37060340738196	0.9042645778938208
24	8.669968680419379	-5307.840177666699	0.9028207622247767
25	0.014804466979757949	-273.9996043287291	0.8984509466437177
25	0.0	-265.9582388189775	0.9049773755656109
25	0.023532596535874153	-269.61676465266197	0.8945969884853853
25	0.011092921325900933	-250.20093554170762	0.9103260869565217
25	0.015102136388922435	-263.70147362229807	0.9053819444444444
25	0.04205788307901462	-267.53372035018793	0.9007029876977153
25	0.017229772814299125	-261.96463304408	0.9041811846689896
25	0.022091800990512986	-259.5374660803801	0.9026933101650738
25	0.03280867707422667	-265.76976402068954	0.9067131647776809
25	0.030095106945492358	-261.9717623120152	0.9053461875547765
25	0.02246032831413236	-250.80211795994398	0.9175627240143369
25	0.008599433731089241	-268.67965574150173	0.8958880139982502
25	0.030461847088919608	-256.78196657146793	0.8979779411764706
25	0.022086910172347003	-298.2926011961436	0.8726003490401396
25	0.018726453349157596	-259.55343305091594	0.9040852575488455
25	0.034995307858596364	-256.9125222964934	0.9073741007194245
25	0.011752368231078926	-252.4565393173557	0.9086115992970123
25	0.15969618096308855	-256.9201666228484	0.9
25	0.020683956411420477	-235.57502999109036	0.9231473010064044
25	0.012108059592114681	-258.130080978192	0.9042645778938208
25	8.93886300536089	-5234.35847649768	0.9031744628172252
26	0.013938593363823604	-268.3678621245131	0.8993115318416524
26	0.0	-261.2106478115813	0.9004524886877828
26	0.016973981809972467	-262.004423784538	0.8937112488928255
26	0.021101499684589294	-244.74663131199208	0.907608695652174
26	0.02388805200112797	-260.0551674258191	0.9045138888888888
26	0.02572959369507536	-265.73230613296084	0.9042179261862917
26	0.00551700256103186	-256.19767427066586	0.9085365853658537
26	0.026239143062770247	-253.15045496006496	0.9026933101650738
26	0.01595550504506654	-259.81280847951575	0.9102005231037489
26	0.013947964361753896	-255.15531383029818	0.9027169149868537
26	0.017132990023331726	-245.6569294819332	0.9175627240143369
26	0.01896585329838378	-265.34520183449905	0.8976377952755905
26	0.028444034047416928	-252.87740336301835	0.9034926470588235
26	0.016105283183279615	-292.1419439955811	0.8691099476439791
26	0.01813871910476045	-254.02541375304557	0.9067495559502664
26	0.03321720864346076	-249.87653184302437	0.908273381294964
26	0.02019629693443597	-246.67509635688478	0.9094903339191565
26	0.013714299661285964	-250.14070145282437	0.9026548672566371
26	0.020948437830931702	-229.9976106174574	0.9240622140896615
26	0.01940115540824764	-255.66059031625835	0.9042645778938208
26	9.103620141601084	-5128.830713146475	0.9037934388540101
27	0.013594332914345267	-264.39516226226	0.9010327022375215
27	0.0	-256.73924787354076	0.9085972850678733
27	0.020695725067822534	-259.6986303246784	0.8972542072630647
27	0.010207064331272284	-240.35752035834096	0.9085144927536232
27	0.014523996993960333	-254.42971493872537	0.90625
27	0.03936076360542631	-259.84503606919645	0.9033391915641477
27	0.01725203625036395	-252.9881580462813	0.9067944250871081
27	0.02227378056638847	-250.4269076581055	0.9044309296264118
27	0.026655545530202218	-256.1623744858091	0.909328683522232
27	0.025662616199407857	-251.6570838844242	0.9079754601226994
27	0.02168019456671447	-241.58621234037903	0.9184587813620072
27	0.008587758048735801	-259.92370760617683	0.9002624671916011
27	0.026809135578743714	-248.55768960336437	0.9007352941176471
27	0.020231130970377806	-288.69280947167357	0.8717277486910995
27	0.018133374549428937	-250.63323525592438	0.9049733570159858
27	0.034330743191499265	-247.2103464197759	0.908273381294964
27	0.011681014007592843	-243.69811348708748	0.9112478031634447
27	0.044503796928869216	-246.84399334176234	0.9
27	0.02016872211052567	-225.88793471407556	0.9240622140896615
27	0.025310112867772468	-251.24859174504613	0.9086161879895561
27	9.302639266790704	-5050.982469886627	0.9050313909275798
28	0.007039746883440616	-257.6207732547991	0.9010327022375215
28	0.0072128999439493	-252.86048261942767	0.9076923076923077
28	0.026539111835682607	-256.278780431838	0.895482728077945
28	0.015664689006073977	-238.2185578007846	0.9112318840579711
28	0.02189441014924033	-251.41664528151028	0.9071180555555556
28	0.027902702496708728	-256.89518155497916	0.9050966608084359
28	0.011555954492964385	-248.731664207458	0.9102787456445993
28	0.016513609978952997	-245.73706784375636	0.9018245004344049
28	0.02743879668087573	-250.19479872190655	0.9145597210113339
28	0.02762028514733908	-247.40007204076701	0.9070990359333918
28	0.02366970323474028	-237.78206726175267	0.9202508960573477
28	0.008382181494258761	-255.90971899391334	0.9011373578302713
28	0.03639843003933386	-244.81999417769515	0.9007352941176471
28	0.011594663188122384	-284.92800348267735	0.8734729493891797
28	0.008267741038386341	-246.91483400814917	0.9076376554174067
28	0.011166555097155431	-242.8158463044411	0.9091726618705036
28	0.12062999021551676	-239.61428667751	0.9121265377855887
28	0.007237987635343488	-242.11323886304294	0.9035398230088496
28	0.012734141210121154	-221.7094057996699	0.9240622140896615
28	0.02101062988140255	-247.26588789368816	0.9120974760661444
28	9.527002998281867	-4969.227307219768	0.9062251304270935
29	0.01191181741725994	-255.87812681250062	0.9044750430292599
29	0.0066875005573343	-248.83287500144584	0.9122171945701357
29	0.026238736283031954	-252.95956105076345	0.8981399468556245
29	0.01503707751346475	-232.83487680884727	0.9121376811594203
29	0.029057745166538633	-248.06454636776598	0.90625
29	0.03212420160787378	-254.62316193812214	0.9068541300527241
29	0.010424622658626807	-244.5691364636622	0.9128919860627178
29	0.020816990722348983	-241.14129299576663	0.9026933101650738
29	0.016691897855006223	-247.22675126958302	0.9128160418482999
29	0.019596940963602323	-242.932667038963	0.9062226117440841
29	0.027516281509768065	-233.26410778861364	0.921146953405018
29	0.008045300260453978	-251.45089988036403	0.9011373578302713
29	0.03362818808882167	-241.088539759576	0.9034926470588235
29	0.012573469929712968	-281.6615645038945	0.8743455497382199
29	0.008345448012481329	-243.04854695129507	0.9103019538188277
29	0.010880844134674515	-238.31598067691402	0.9091726618705036
29	0.019065593607263186	-235.0106093406889	0.9138840070298769
29	0.013886556666144885	-240.05412073443986	0.904424778761062
29	0.019283332686291493	-218.40203125317638	0.9258920402561757
29	0.01555679957799518	-245.53053448032745	0.9077458659704091
29	9.677385905513097	-4896.88993111671	0.9072420196303829
30	0.01530271934758059	-253.26405405295202	0.9027538726333907
30	0.0	-245.1032785516799	0.9131221719457013
30	0.030572777025023548	-249.55851034451007	0.8972542072630647
30	0.008675684227016735	-230.56117351942936	0.9130434782608695
30	0.020635181329641154	-243.07655692934884	0.9079861111111112
30	0.034234596177486594	-250.11004873083542	0.9094903339191565
30	0.00891814151141714	-242.1168169150566	0.9137630662020906
30	0.020486020732960807	-237.53663908424923	0.9035621198957429
30	0.01809411808353367	-244.66234166603024	0.911944202266783
30	0.018842097004438407	-239.4097493476506	0.9106047326906223
30	0.016558796852190912	-230.19891623081526	0.9202508960573477
30	0.009226866269437079	-249.39370134670068	0.9028871391076115
30	0.008195776375803772	-238.4883036479434	0.9034926470588235
30	0.006420851187308804	-277.91649737196775	0.8778359511343804
30	0.021932459726975786	-240.61730459044736	0.9103019538188277
30	0.03432586869162928	-236.6421698447338	0.9100719424460432
30	0.011201632402726591	-233.36003798098074	0.9121265377855887
30	0.016078912701063704	-236.91403679023094	0.9026548672566371
30	0.010740041527538267	-216.1315513296749	0.9258920402561757
30	0.028565888604470874	-240.9646991406304	0.9164490861618799
30	9.827712555489176	-4836.026387415868	0.9082146962596163
31	0.021702985672080226	-249.32424385903408	0.9053356282271945
31	0.016447514935730257	-244.2209965585253	0.9067873303167421
31	0.023496960312743117	-246.41692169826788	0.8990256864481843
31	0.01913124872362323	-228.7076006851131	0.9139492753623188
31	0.023608602991437987	-240.54240571622103	0.9071180555555556
31	0.02881758704918584	-247.406001472454	0.9059753954305799
31	0.011516826451768228	-239.60615418716736	0.912020905923345
31	0.023857291418725248	-234.7321075447311	0.9052997393570807
31	0.025148306318383454	-241.9026028578294	0.9128160418482999
31	0.019820542383648353	-237.04079289999194	0.9106047326906223
31	0.010655569784200479	-226.78545574516497	0.921146953405018
31	0.009061898601146583	-246.23355877968308	0.9028871391076115
31	0.00839152629073068	-235.92372810571123	0.9080882352941176
31	0.006534273294591994	-274.6567312098601	0.8795811518324608
31	0.021168739826016626	-237.71140524973546	0.911190053285968
31	0.02866284053665	-233.67828329214092	0.9118705035971223
31	0.019767807332540795	-230.37765928181756	0.9112478031634447
31	0.01427624961188461	-234.52556850464504	0.904424778761062
31	0.007963935025694304	-213.4445480593846	0.9268069533394327
31	0.011188730464753808	-237.78525895438267	0.9190600522193212
31	9.980265813542903	-4781.022024661862	0.9087010345742329
32	0.026809586066937282	-248.6551652123221	0.9036144578313253
32	0.025851352494050007	-241.6924796879806	0.9058823529411765
32	0.024466105385050514	-244.2954087679476	0.9034543844109831
32	0.030857593364169583	-225.6792207986002	0.9157608695652174
32	0.028512092539631426	-238.33555040074825	0.9079861111111112
32	0.022810863477474942	-245.3788107084761	0.9086115992970123
32	0.01458251595090012	-237.09712942367756	0.9189895470383276
32	0.022386635808356814	-232.0334736537722	0.9070373588184187
32	0.016697427545461985	-238.4456038581502	0.9145597210113339
32	0.019501442760130303	-234.01768834387374	0.9106047326906223
32	0.015567065415444585	-224.45909592564212	0.9193548387096774
32	0.008888917874430035	-243.31603449474986	0.9046369203849519
32	0.00826351484850614	-233.3599433725375	0.9108455882352942
32	0.010811482907762253	-271.7314031091346	0.881326352530541
32	0.021685071544523652	-235.43625301904532	0.911190053285968
32	0.04128032202641735	-230.84324536145843	0.9118705035971223
32	0.01871184315938283	-227.94955020840177	0.9130052724077329
32	0.018462513713331477	-231.47137337552618	0.9053097345132743
32	0.017865053335661185	-210.7689511037492	0.9268069533394327
32	0.025994598514078798	-236.78254218092047	0.9120974760661444
32	10.160179673541641	-4731.748923006714	0.9095852860553542
33	0.018360823018329298	-242.39349065986517	0.9087779690189329
33	0.028459754732155163	-238.62188917429646	0.9085972850678733
33	0.010524189242010765	-239.6780219742437	0.8963684676705048
33	0.029229943708678496	-221.23568852767434	0.9166666666666666
33	0.019053400485507247	-234.49344924675813	0.9079861111111112
33	0.046680900855504304	-240.51339131599767	0.9086115992970123
33	0.1499861881056702	-234.25952875569632	0.9163763066202091
33	0.010476669662101925	-227.4744044132931	0.9174630755864466
33	0.021676621440850603	-233.42065709871412	0.9180470793374019
33	0.01267116151750583	-229.6605508816709	0.9123575810692375
33	0.011636588321758923	-219.13958955558118	0.9202508960573477
33	0.020881385660878642	-240.87703353804213	0.9037620297462817
33	0.029948674177041366	-230.86836491281215	0.9044117647058824
33	0.024793046465937302	-267.4548976629099	0.8821989528795812
33	0.017094832524698362	-230.40089086590734	0.9138543516873889
33	0.04356833617638866	-227.23438994212512	0.9109712230215827
33	0.012331144471317248	-223.8162940349315	0.9147627416520211
33	0.015618585822348445	-226.73384535647548	0.9079646017699115
33	0.010574621895897474	-205.69106673138498	0.929551692589204
33	0.025940130659507378	-229.3914306931412	0.918189730200174
33	10.44580717431098	-4643.3588753415215	0.9108232381289239
34	0.011697617617524081	-238.21393335251767	0.9079173838209983
34	0.0	-232.49701489327566	0.9158371040723982
34	0.026854299030548718	-236.86964549527326	0.9025686448184234
34	0.014874324161317247	-217.7799687076251	0.9139492753623188
34	0.027705583332504502	-229.39608254218416	0.9097222222222222
34	0.029852417366957474	-237.87759994424812	0.9130052724077329
34	0.0	-227.70762394128278	0.9207317073170732
34	0.016900052729761052	-223.52888413496024	0.9087749782797567
34	0.023095392678105304	-230.4069003596327	0.916303400174368
34	0.021127756404549204	-226.41804769657247	0.9132340052585451
34	0.01585452130332075	-216.39122460629218	0.9238351254480287
34	0.013958094236249647	-234.6741774310715	0.9063867016622922
34	0.027543581422490714	-226.72861597033346	0.9126838235294118
34	0.019287018702999533	-264.76777908834674	0.8804537521815009
34	0.017928699767861555	-228.03872008155005	0.9120781527531083
34	0.023462135311803634	-223.904099719406	0.914568345323741
34	0.010718314997396197	-220.4745489126812	0.9173989455184535
34	0.03805507431864688	-223.6886084185881	0.911504424778761
34	0.00873232963302887	-204.13097104151635	0.9268069533394327
34	0.009334832498532043	-227.63142942799604	0.9199303742384682
34	10.597137406515879	-4571.125875765355	0.91232646564683
35	0.02543519567942524	-237.11314079055333	0.9036144578313253
35	0.017818637836115443	-231.41625998877106	0.9085972850678733
35	0.028365806167183292	-235.8366639656431	0.9034543844109831
35	0.020436372254669995	-215.3880885864512	0.9184782608695652
35	0.018621839129404977	-228.2022282473314	0.9105902777777778
35	0.03997881303988533	-232.64420768205196	0.9121265377855887
35	0.02170418508973416	-227.3470465535876	0.9181184668989547
35	0.009225781869056718	-221.12602427183666	0.9087749782797567
35	0.0	-225.04792229129887	0.9206625980819529
35	0.018433228931123643	-222.78862007724248	0.9123575810692375
35	0.02486009484599144	-213.50701239319775	0.9265232974910395
35	0.009687254816597997	-233.76931367247792	0.905511811023622
35	0.0	-223.28632033558475	0.9090073529411765
35	0.014326904284763717	-260.86012611977935	0.8848167539267016
35	0.02691881307478557	-225.94685476584385	0.9120781527531083
35	0.01966048419506323	-221.14962848781724	0.9172661870503597
35	0.04666051876163413	-217.56441942493814	0.9173989455184535
35	0.009135969941899403	-221.14092258212528	0.9141592920353983
35	0.008862425924143056	-201.87024576780544	0.9277218664226898
35	0.011799166645174552	-224.61186679833148	0.9208006962576153
35	10.762674040460684	-4520.6169128026695	0.9125475285171103
36	0.025961126174694246	-235.93462475432818	0.9061962134251291
36	0.0076999701668620585	-228.11448277234874	0.9095022624434389
36	0.029259894833334407	-233.28071673929074	0.9043401240035429
36	0.01358083650086878	-211.95059810546675	0.9193840579710145
36	0.017683692276219454	-224.74215356372056	0.9114583333333334
36	0.08918454537274838	-230.03495252288988	0.9138840070298769
36	0.01313382162091813	-225.41591547440996	0.9181184668989547
36	0.008835574214043464	-216.91617545576736	0.9122502172024327
36	0.030856976246199017	-222.62262322610948	0.9224062772449869
36	0.016460950100645667	-222.20911627385314	0.9167397020157756
36	0.0	-209.89796056776768	0.9256272401433692
36	0.010889164182253172	-230.7691257147757	0.9072615923009624
36	0.012126946315634492	-221.38215850919383	0.9117647058823529
36	0.016257699136173163	-257.0473093829879	0.8900523560209425
36	0.018806636470252974	-222.91878456563478	0.9129662522202486
36	0.16150175977461012	-217.8930696096261	0.9154676258992805
36	0.025301342821516325	-216.00427848090982	0.9165202108963093
36	0.027826930419634754	-216.39197641666283	0.9141592920353983
36	0.009836011085376623	-199.9512267857454	0.9322964318389753
36	0.032819478302927696	-222.4269134528837	0.9190600522193212
36	11.035789092724402	-4465.904162374372	0.9139181183128482
37	0.010214009995963294	-227.87745195963424	0.9104991394148021
37	0.00905477903944011	-224.4997349511812	0.9122171945701357
37	0.014493405191321215	-228.11811417290795	0.9061116031886626
37	0.016339205272299803	-207.28877535749984	0.9202898550724637
37	0.01640532821410676	-220.7486856502206	0.9131944444444444
37	0.06475856300319414	-228.0259262257027	0.9112478031634447
37	0.0265183717865145	-220.03897970641836	0.9224738675958188
37	0.013652638853505374	-211.29405809344797	0.9165942658557776
37	0.009806678452959985	-219.60679530893057	0.9197907585004359
37	0.0	-214.67393848598488	0.9149868536371604
37	0.0	-206.54773980507005	0.9310035842293907
37	0.008645208900694219	-225.31176731515646	0.9098862642169728
37	0.2521910384203603	-216.8874202849983	0.9154411764705882
37	0.016030265852670443	-256.0232189412484	0.8926701570680629
37	0.01688525819645153	-219.4314263657683	0.9156305506216696
37	0.019796130800760422	-215.68317889626084	0.9190647482014388
37	0.018868803247760073	-209.64336851529575	0.9182776801405975
37	0.04161610141456189	-215.41251959470955	0.9150442477876106
37	0.018270315689466927	-192.69531657639732	0.9313815187557182
37	0.013089129576584053	-216.94500240615528	0.9225413402959095
37	11.311320911968672	-4376.753418612989	0.9158634715713149
38	0.011973470504866721	-225.61546974014917	0.9139414802065404
38	0.0	-217.59315876879987	0.9212669683257918
38	0.012307104075865799	-222.94011909494213	0.9078830823737821
38	0.00788988708715514	-204.5159444324692	0.9202898550724637
38	0.025500739162231396	-213.14033011950158	0.9157986111111112
38	0.028900058123352897	-225.15260302256297	0.9147627416520211
38	0.013127282354076194	-214.7113365901266	0.9233449477351916
38	0.013250049038215347	-209.29290802112087	0.9139878366637706
38	0.0	-214.835633082793	0.9206625980819529
38	0.012431266636217795	-211.4179209385137	0.9167397020157756
38	0.011514725973585936	-201.82122319831245	0.9301075268817204
38	0.009181695751752521	-220.56338701124457	0.9090113735783028
38	0.01305415309076371	-209.15676579022525	0.9191176470588235
38	0.014876371052495199	-249.37482319224	0.8856893542757417
38	0.007882554589114714	-214.77456556351495	0.9156305506216696
38	0.01420573784991795	-209.54478036872172	0.9181654676258992
38	0.07832221954864024	-206.72768193767388	0.9209138840070299
38	0.025280526173567835	-210.9464503128142	0.915929203539823
38	0.01785240167272301	-191.13125840458753	0.9332113449222323
38	0.019226290952851922	-218.10290984242144	0.9155787641427328
38	11.464234974594543	-4291.359269432735	0.9165266601821558
39	0.010982305211522854	-222.09333928614154	0.9122203098106713
39	0.0	-215.23494638627346	0.9203619909502262
39	0.01545847460468025	-219.23466992842685	0.9061116031886626
39	0.009059187596853913	-200.75595569588157	0.9193840579710145
39	0.01990341760274569	-210.9670647463112	0.9184027777777778
39	0.02663290615565041	-221.87215965037026	0.9147627416520211
39	0.0	-212.29760071667465	0.9242160278745645
39	0.00941788983375787	-204.52613951875202	0.9200695047784535
39	0.026929517134763204	-211.80191516332377	0.9215344376634699
39	0.014795266219926367	-208.46536173815664	0.9184925503943909
39	0.06646339978300918	-199.40859443672286	0.9301075268817204
39	0.029292366220044122	-215.83218792016288	0.9212598425196851
39	0.01095987556839334	-210.41752343273512	0.9145220588235294
39	0.016748471121424285	-246.79472029156258	0.8900523560209425
39	0.019637221876381616	-210.3905709977202	0.9191829484902309
39	0.02919708672219818	-206.08922494518401	0.9190647482014388
39	0.01671183860244711	-202.68169660624753	0.9217926186291739
39	0.008765577470440643	-206.9892751400617	0.9176991150442478
39	0.009286922133703876	-188.8600314769585	0.9332113449222323
39	0.016312880884261565	-210.44622888225408	0.9268929503916449
39	11.643120788879619	-4225.159206959922	0.9184278008665665
40	0.028562284752795413	-221.84876654318367	0.9130808950086059
40	0.020157173660007136	-214.50259001730672	0.9203619909502262
40	0.01358989127695545	-218.03900068778626	0.9078830823737821
40	0.0	-197.64903431038908	0.9221014492753623
40	0.018835834954928816	-206.798875130968	0.921875
40	0.01750855552813288	-217.59851302763977	0.9147627416520211
40	0.014388520635347785	-209.82135319924234	0.9242160278745645
40	0.02368782637414469	-202.48232598928354	0.9139878366637706
40	0.01283203102471513	-211.260028584002	0.918918918918919
40	0.0	-204.52351880030506	0.9202453987730062
40	0.0	-196.03477868442098	0.9327956989247311
40	0.009882605018140379	-214.4407895409821	0.9116360454943132
40	0.017142867266443724	-206.69581028503106	0.9209558823529411
40	0.01786134020984689	-243.4068989330311	0.8926701570680629
40	0.011945094028004859	-209.0897040683477	0.9200710479573713
40	0.0	-203.29576401302265	0.9172661870503597
40	0.0	-201.05923302113223	0.9235500878734623
40	0.01610894055274164	-205.6262780377532	0.9194690265486726
40	0.0	-185.27642534980632	0.9341262580054894
40	0.011405831086702165	-208.07489557162438	0.9268929503916449
40	11.739929048390447	-4177.524583795258	0.9187815014590149
41	0.02265769948406181	-216.08916503660572	0.9156626506024096
41	0.01566842409051812	-212.68812701648042	0.9239819004524887
41	0.010019236039267475	-215.69975235621567	0.9096545615589017
41	0.0	-196.27910668176239	0.9211956521739131
41	0.17474610660378276	-204.512576170401	0.9210069444444444
41	0.030503500374450883	-218.39994250186763	0.9130052724077329
41	0.0	-208.95366697783524	0.9277003484320557
41	0.012599204368929879	-199.65717389715883	0.9157254561251086
41	0.01661595023988367	-207.13343120641503	0.9250217959895379
41	0.029527386105348143	-203.7441078184747	0.9202453987730062
41	0.020964020253861838	-195.21020592079438	0.9354838709677419
41	0.008860759370959212	-211.88013660732065	0.9142607174103237
41	0.059010244342307325	-204.95358173836433	0.9181985294117647
41	0.017703149594011695	-241.1867041641427	0.8970331588132635
41	0.0	-204.90485827109435	0.9209591474245116
41	0.0	-201.98653605892878	0.9199640287769785
41	0.0	-198.57951634781685	0.9270650263620387
41	0.0	-204.35822658934612	0.9168141592920354
41	0.011451473540606725	-185.1994585101814	0.9368709972552608
41	0.0	-204.91149091337684	0.9251523063533508
41	11.941760190339346	-4136.327764784583	0.9201963038288089
42	0.012439685575934575	-213.52762614888903	0.9122203098106713
42	0.0	-206.77532606902514	0.9212669683257918
42	0.02853245890946684	-211.45199976951628	0.9114260407440212
42	0.008468265228293866	-194.60717615297253	0.9211956521739131
42	0.018592420413665788	-200.41205713100365	0.9210069444444444
42	0.0294043136180205	-213.77531408751304	0.9182776801405975
42	0.014240698279864548	-206.26499019499394	0.9294425087108014
42	0.01994293645271201	-198.56072355192586	0.9148566463944396
42	0.010948070317960556	-206.52692699080467	0.9250217959895379
42	0.020169027885210057	-200.4018461959806	0.922874671340929
42	0.012584020916518142	-193.2705359441041	0.9372759856630825
42	0.017739422579600955	-210.70351508750196	0.9125109361329834
42	0.034071866518401564	-203.49462542820226	0.9172794117647058
42	0.020565473257764692	-239.7293300754319	0.8970331588132635
42	0.01755361497774207	-203.7413369163084	0.9218472468916519
42	0.028141857710795224	-201.26952489881165	0.9199640287769785
42	0.010740425265293578	-196.98973201689674	0.9226713532513181
42	0.22771902699254346	-200.10755270089186	0.9265486725663716
42	0.02493384297483817	-185.7120760270561	0.9350411710887465
42	0.015423389581733737	-208.13846227691963	0.9216710182767625
42	12.21391747491712	-4095.4606776647483	0.9204173666990892
43	0.00947223186375758	-210.30348503656188	0.9242685025817556
43	0.0	-206.34352221631516	0.92579185520362
43	0.023855782347026372	-206.445959133997	0.91674047829938
43	0.00981014531880626	-192.1189119478933	0.9239130434782609
43	0.019224084435434524	-203.93887694015143	0.9236111111111112
43	0.02597057847912664	-214.1844082781244	0.9191564147627417
43	0.014674643882716784	-203.16629844515407	0.9259581881533101
43	0.01618192081437988	-197.1003133182804	0.9218071242397915
43	0.10806215534387077	-199.7842970234587	0.9250217959895379
43	0.02590425878021757	-195.96683497226522	0.9255039439088519
43	0.032574593656072154	-189.70656869508935	0.9363799283154122
43	0.009827440898085427	-207.10067427449735	0.9151356080489939
43	0.0	-199.03762417051533	0.9255514705882353
43	0.014631566636757989	-232.64547899087967	0.8970331588132635
43	0.027292777878520243	-199.3176077251043	0.9245115452930728
43	0.013414076027790699	-193.40182678349956	0.9235611510791367
43	0.015010202127437621	-190.8083241966853	0.9253075571177505
43	0.025766277008264945	-192.5288060768034	0.9230088495575222
43	0.016436387028915644	-177.18424057986624	0.9359560841720037
43	0.011774127087276631	-203.11407142484805	0.9260226283724978
43	12.415193867861653	-4014.19813022999	0.923158546290565
44	0.01162497223782791	-207.95402090556985	0.9173838209982789
44	0.0	-200.54432585677753	0.9221719457013575
44	0.009670259374003379	-203.3374025409804	0.9131975199291408
44	0.016750209371499042	-186.35177108490663	0.9284420289855072
44	0.03422396458547991	-197.1755398658128	0.9184027777777778
44	0.022197429295167683	-209.9122041367302	0.9200351493848857
44	0.0	-198.68289111414762	0.9285714285714286
44	0.0	-188.37304155185086	0.9278887923544744
44	0.021503596833744337	-195.47324795157422	0.9319965126416739
44	0.014029175076542265	-195.44321404124284	0.9255039439088519
44	0.0	-185.86343512837695	0.9363799283154122
44	0.02101880475868281	-204.32760329617727	0.9142607174103237
44	0.036866457342819	-199.00709350216974	0.9209558823529411
44	0.009629893490045775	-232.34581669666318	0.8952879581151832
44	0.0	-195.59255532525677	0.9253996447602132
44	0.0	-191.11316824557542	0.9217625899280576
44	0.0	-189.44995309062685	0.9279437609841827
44	0.0	-191.9283292666368	0.9238938053097345
44	0.01860301979644122	-177.05593132804358	0.9359560841720037
44	0.013653594090738323	-200.3412473780375	0.927763272410792
44	12.498340625595217	-3950.272792307157	0.923114333716509
45	0.014191404935903712	-206.95091498969714	0.9165232358003442
45	0.0	-198.9011647765445	0.9212669683257918
45	0.013276989361669633	-203.17745570863627	0.912311780336581
45	0.01872715605681594	-184.95680036786416	0.9293478260869565
45	0.03501420652417287	-195.8684067922184	0.9227430555555556
45	0.020054466330474665	-208.17376337016222	0.9191564147627417
45	0.0	-197.7361085796864	0.9294425087108014
45	0.0	-186.53807439603713	0.9313640312771503
45	0.009184162458774854	-194.89541311223357	0.9319965126416739
45	0.02914538289398966	-191.82011533376618	0.9281332164767747
45	0.019644137661222943	-185.09725796244024	0.9372759856630825
45	0.0	-200.4323253365726	0.9238845144356955
45	0.1154817595081156	-194.8158938894136	0.9273897058823529
45	0.018138285742175096	-231.61497095030072	0.900523560209424
45	0.023847394052976707	-196.00317958614622	0.9236234458259325
45	0.010575654774040103	-190.93256249402882	0.9244604316546763
45	0.025420429247438186	-187.1075257109789	0.929701230228471
45	0.02345797925755182	-191.37951877903356	0.9265486725663716
45	0.01512355175165656	-173.30816555398957	0.938700823421775
45	0.027885447444895645	-198.11395752207824	0.927763272410792
45	12.688551528727467	-3917.823575211828	0.9250596869749756
46	0.0182884825747886	-201.12392655564702	0.9173838209982789
46	0.02682236909967361	-198.82673684446752	0.9321266968325792
46	0.01678055986533911	-198.93077889922557	0.9149689991142604
46	0.013660653499183061	-184.66766507819196	0.9266304347826086
46	0.01894679143193919	-191.66219755016456	0.9244791666666666
46	0.029778075810047856	-203.92178075394267	0.9217926186291739
46	0.0	-193.93492421934877	0.931184668989547
46	0.02172353701699495	-184.27135168273406	0.9252823631624674
46	0.022913393082117994	-195.9013349301331	0.9241499564080209
46	0.01800695711497071	-189.5557137092789	0.9246275197195443
46	0.016788760724037403	-181.07160811814165	0.9381720430107527
46	0.0	-196.62939569716676	0.926509186351706
46	0.018719488774781426	-190.2819943257814	0.9273897058823529
46	0.009334678258856982	-225.17193033482147	0.900523560209424
46	0.01853663797695222	-192.04156162962545	0.9271758436944938
46	0.031341172585575186	-188.51195794044227	0.9262589928057554
46	0.018922225872883534	-185.62753014207314	0.9261862917398945
46	0.013260956413611304	-188.29495304636487	0.9247787610619469
46	0.020057996341663588	-171.90798061596055	0.939615736505032
46	0.01524608964343105	-196.25261390858813	0.927763272410792
46	12.83649953725613	-3858.5879359820997	0.925280749845256
47	0.010315420594180627	-199.95370396209543	0.9208261617900172
47	0.0	-193.40236390690367	0.9266968325791856
47	0.014294305087126048	-197.13519554605594	0.9158547387068202
47	0.02066423868549824	-180.20038273012648	0.9311594202898551
47	0.01595821136564453	-190.9351313597276	0.921875
47	0.020136612368622433	-199.03486146969615	0.9226713532513181
47	0.0172888795948985	-192.26322917248532	0.931184668989547
47	0.017716137084683097	-183.48818068273317	0.9252823631624674
47	0.01711773027451751	-191.90187789913168	0.9293809938971229
47	0.012592774336210906	-186.12219089910596	0.9281332164767747
47	0.016446355974019538	-179.0558260415217	0.9390681003584229
47	0.0	-194.8858610253501	0.9247594050743657
47	0.01990229126349304	-188.973914273352	0.9264705882352942
47	0.023968111638222947	-222.6482807565302	0.9031413612565445
47	0.017975530884214597	-189.46657852118577	0.9289520426287744
47	0.012885347706301738	-185.9180685955352	0.927158273381295
47	0.016312791248570536	-182.68787544274215	0.9305799648506151
47	0.02226209699039389	-185.74144260127636	0.9274336283185841
47	0.0	-168.73658174103642	0.9405306495882891
47	0.02295978333115818	-191.04120357076582	0.9303742384682332
47	12.977391870232863	-3803.592750197358	0.9265187019188257
48	0.018381867546174966	-196.3671758672928	0.9199655765920827
48	0.011522404130842124	-193.55971169454543	0.930316742081448
48	0.010572287187943001	-196.12332875617105	0.9185119574844995
48	0.0	-177.65022640674079	0.9320652173913043
48	0.01972486943755628	-186.38971343194814	0.9288194444444444
48	0.011692974908926096	-197.6409564473487	0.9253075571177505
48	0.0	-190.25823646416887	0.931184668989547
48	0.0	-178.78629486190383	0.9400521285838401
48	0.016438053632429575	-187.97696480399304	0.9337401918047079
48	0.030336687753896946	-186.21255238624028	0.9290096406660824
48	0.014520579740473098	-178.75390903365764	0.9408602150537635
48	0.0	-193.38262858667431	0.9238845144356955
48	0.0	-187.54502037418064	0.9329044117647058
48	0.0	-221.6294383023798	0.9022687609075044
48	0.0	-187.80364489240733	0.9298401420959147
48	0.0	-183.3378655047326	0.927158273381295
48	0.0	-181.95942339008747	0.9288224956063269
48	0.0	-183.95316794493328	0.9283185840707965
48	0.012628227236675213	-168.126887950777	0.9414455626715462
48	0.02153002558471796	-189.99045420117793	0.9295039164490861
48	13.046947909991985	-3767.447601301361	0.9286409054735166
49	0.017117809028483897	-194.37950013735906	0.9199655765920827
49	0.01109768966114097	-192.52998466583205	0.9330316742081448
49	0.010809456353012717	-195.140357751002	0.9176262178919398
49	0.0	-177.34794694201668	0.9320652173913043
49	0.03512290055424035	-184.54924269447466	0.9305555555555556
49	0.0127803760077732	-196.83968108069777	0.9235500878734623
49	0.0	-189.57960137587338	0.931184668989547
49	0.0	-177.62334331132328	0.9374456993918332
49	0.01709932506921455	-186.93041447661588	0.9319965126416739
49	0.016221501682293218	-185.10251618799197	0.9255039439088519
49	0.0	-175.77083450609072	0.9399641577060932
49	0.019065662638644336	-192.88622263008196	0.9221347331583553
49	0.030172341149667603	-189.22671754799157	0.9237132352941176
49	0.02175739793076307	-221.21927998907432	0.9022687609075044
49	0.017587291163225754	-188.1329806004421	0.9253996447602132
49	0.02022276894762516	-183.79379367746242	0.9298561151079137
49	0.01112281649013433	-180.82402475606895	0.9323374340949033
49	0.016657181749154582	-182.78517076821515	0.9300884955752212
49	0.009941962901711069	-167.86498006103957	0.9414455626715462
49	0.018960138651078012	-188.00810477067657	0.9321148825065274
49	13.165054300296555	-3750.53469793033	0.9280661420107879
50	0.011970238741024678	-196.66437202015823	0.9208261617900172
50	0.0	-189.53712594738917	0.9266968325791856
50	0.02520019795510541	-193.70329350479886	0.9185119574844995
50	0.0	-175.17785657595314	0.9347826086956522
50	0.022493243290728864	-184.12361182097118	0.9279513888888888
50	0.017692661940020494	-196.5483209042861	0.9235500878734623
50	0.0	-187.3435550317737	0.9320557491289199
50	0.016078330235632748	-176.23139611284037	0.9383145091225021
50	0.016155788022135843	-184.52450544371533	0.9354838709677419
50	0.016685551123085108	-183.01205644554676	0.9281332164767747
50	0.0	-174.11373096078864	0.9408602150537635
50	0.0	-190.21284571188428	0.9256342957130359
50	0.0	-184.76766100399576	0.9329044117647058
50	0.0	-218.2545861053472	0.9013961605584643
50	0.0	-185.399653484651	0.9298401420959147
50	0.0	-180.87222371118494	0.9280575539568345
50	0.0	-179.46696539498683	0.929701230228471
50	0.0	-181.5458390727667	0.9318584070796461
50	0.011754723211710642	-165.34926084511153	0.9423604757548033
50	0.021056655899330787	-186.92199809453976	0.9329852045256745
50	13.231736221146495	-3713.77085819269	0.9290388186400212
51	0.017171550954323343	-191.47254596294133	0.9208261617900172
51	0.011124953967114349	-189.7608924163178	0.9330316742081448
51	0.01060481200049465	-192.2030704481816	0.9202834366696191
51	0.0	-174.73242800406308	0.9320652173913043
51	0.0184959261231235	-181.48528257527397	0.9314236111111112
51	0.0109609524765299	-193.08089643088968	0.9261862917398945
51	0.0	-186.68090149303157	0.9320557491289199
51	0.0	-174.99935211809216	0.9374456993918332
51	0.0	-183.96807344586676	0.9337401918047079
51	0.0	-180.33554126672811	0.9360210341805434
51	0.0	-173.738318131027	0.9399641577060932
51	0.0	-189.27381978310362	0.9282589676290464
51	0.0	-184.03073890916508	0.9329044117647058
51	0.0	-216.34975533347557	0.9066317626527051
51	0.021559471519272677	-185.30490984206966	0.9289520426287744
51	0.023701903204209313	-183.0579513377602	0.9325539568345323
51	0.01940876022211442	-179.31429916518783	0.9340949033391915
51	0.012536537262838151	-180.78086592265032	0.9309734513274336
51	0.017925180250142645	-165.05617112173667	0.9414455626715462
51	0.028395172625986786	-189.30840525996425	0.9286335944299391
51	13.308413098729464	-3694.9342189675262	0.930320983287647
52	0.017364448880719308	-189.57724685524687	0.923407917383821
52	0.011346128978434452	-190.00713214814857	0.9330316742081448
52	0.011079243949468876	-191.7940035059918	0.9202834366696191
52	0.0	-173.03861771777244	0.9347826086956522
52	0.1798629512725565	-180.32873965614505	0.9314236111111112
52	0.022808848245554878	-190.79858215925557	0.929701230228471
52	0.022652385074343657	-186.9741612965736	0.9372822299651568
52	0.01942749353061342	-177.58025227236675	0.9331016507384883
52	0.016372410475632405	-184.9366194960673	0.9319965126416739
52	0.02064994523094015	-179.72524380440728	0.9316389132340053
52	0.028146714545524087	-171.49163296171116	0.9417562724014337
52	0.023650533362795097	-187.14459033438317	0.9291338582677166
52	0.028765790868120332	-186.0869999696959	0.9264705882352942
52	0.012049905142207292	-215.3932363588167	0.9109947643979057
52	0.022273769550335512	-181.9931557971881	0.9280639431616341
52	0.014159005528767466	-180.46238078607044	0.9325539568345323
52	0.0	-175.23989729619092	0.9358523725834798
52	0.017144704993898766	-179.67676444281506	0.9318584070796461
52	0.0	-160.93157521827615	0.9451052150045746
52	0.01766351246236141	-182.61071889786942	0.9338555265448216
52	13.536974403963672	-3665.791550974993	0.9310725970466001
53	0.011774577853162174	-190.0324846965003	0.9242685025817556
53	0.0	-183.91681806617711	0.930316742081448
53	0.022616799376302264	-187.74559047520702	0.9211691762621789
53	0.0	-169.67145468811776	0.9356884057971014
53	0.02014672392106626	-175.6849627564564	0.9392361111111112
53	0.026519987473328496	-190.42416096005124	0.9261862917398945
53	0.0	-182.7506483187354	0.9372822299651568
53	0.023592240459192428	-173.2999291710746	0.9331016507384883
53	0.02508305423311612	-184.69887482520184	0.93025283347864
53	0.032893586938826214	-177.65365986143976	0.9307624890446976
53	0.015429229081495398	-171.0595560299029	0.9453405017921147
53	0.0	-184.4511604413992	0.9308836395450568
53	0.0	-180.6498536549794	0.9310661764705882
53	0.0	-212.47013950984976	0.9075043630017452
53	0.0	-180.08524739845524	0.9307282415630551
53	0.0	-176.2159129671922	0.9298561151079137
53	0.0	-174.52175769871982	0.9349736379613357
53	0.0	-177.23337476881147	0.9327433628318584
53	0.01905469934933935	-160.31646578840972	0.9441903019213175
53	0.02472871497685361	-183.31998666267654	0.9329852045256745
53	13.620428570042355	-3616.202038739357	0.9313820850649925
54	0.0	-184.9438288600499	0.9259896729776248
54	0.0	-182.7077914146812	0.9321266968325792
54	0.02523394726518159	-186.62413904533565	0.9211691762621789
54	0.0	-169.59409553222193	0.9329710144927537
54	0.022612678465585328	-175.40317788152066	0.9331597222222222
54	0.02689852748283065	-189.7243830447705	0.9279437609841827
54	0.0	-181.7063830516467	0.936411149825784
54	0.018885587015828462	-172.70764731678528	0.9348392701998263
54	0.012260436501104439	-181.4266964994112	0.9319965126416739
54	0.0	-174.58285561363505	0.9360210341805434
54	0.0	-168.0599278143807	0.942652329749104
54	0.0180443918658013	-184.62460723360604	0.9326334208223972
54	0.04471654130655339	-181.13311721739984	0.9319852941176471
54	0.0	-211.47504750109488	0.9118673647469459
54	0.02000989190769162	-180.48049102747626	0.9307282415630551
54	0.01645964917793823	-177.36544051554534	0.9298561151079137
54	0.017491149913421395	-172.98969217621416	0.9349736379613357
54	0.019200170543111364	-175.68981710125917	0.9300884955752212
54	0.02059375286401339	-160.09578910525286	0.9432753888380604
54	0.028453586816058262	-183.87905239107573	0.9286335944299391
54	13.729520619322317	-3595.213980343363	0.9314262976390485
55	0.0	-183.94016791158845	0.9251290877796902
55	0.017581469834081216	-181.54036770351323	0.9294117647058824
55	0.012471049432953369	-186.82133339694542	0.9229406554472985
55	0.0	-167.29768848646935	0.9402173913043478
55	0.017309278832782448	-173.5287067646245	0.9357638888888888
55	0.015315032107606052	-186.45628806012334	0.9288224956063269
55	0.0	-179.35362432130503	0.9381533101045296
55	0.01944519001004369	-168.65816643229957	0.9391833188531712
55	0.02483048128553708	-179.9794026526084	0.9337401918047079
55	0.016213962924056868	-176.00569555117391	0.92988606485539
55	0.0	-166.27588272571847	0.9444444444444444
55	0.0193399366328674	-182.9093845549043	0.9282589676290464
55	0.01516839450825271	-179.54987960781128	0.9310661764705882
55	0.0	-207.94787661066067	0.912739965095986
55	0.016711314016003374	-177.46387260242628	0.9316163410301954
55	0.039673587055337904	-173.21710407089293	0.9334532374100719
55	0.018047339645113812	-171.10444440220894	0.9340949033391915
55	0.02207408649210867	-174.019652275148	0.9318584070796461
55	0.0	-157.9482013854635	0.9432753888380604
55	0.010417082290634986	-177.84164951152889	0.9364664926022629
55	13.846843961475034	-3551.859389027415	0.932487399416394
56	0.021464357872470915	-184.42620511477924	0.927710843373494
56	0.032616017777934395	-181.19807115681468	0.9375565610859729
56	0.020558040453258125	-181.29444233613495	0.9238263950398583
56	0.024684587887729013	-169.24844766445227	0.9375
56	0.019993331113606957	-173.10598261786387	0.9322916666666666
56	0.014289469854956894	-188.6782212607326	0.9288224956063269
56	0.0	-179.39825196908652	0.9381533101045296
56	0.0	-165.88994104085236	0.946133796698523
56	0.021960683010473762	-175.93077572897326	0.9363557105492589
56	0.03106309459661132	-174.6261343563424	0.9316389132340053
56	0.0466917547313633	-164.73744603235036	0.9480286738351255
56	0.010683750927970973	-181.25878635016736	0.9291338582677166
56	0.0	-175.4168459871659	0.9338235294117647
56	0.0	-205.89992584076487	0.9109947643979057
56	0.0	-174.61830174545292	0.9342806394316163
56	0.0	-170.2915753145135	0.9343525179856115
56	0.0	-169.2681955570783	0.9367311072056239
56	0.0	-171.5602714227264	0.9336283185840708
56	0.0	-157.0113579988874	0.9451052150045746
56	0.0	-176.82962535463164	0.9364664926022629
56	13.957640899545405	-3520.688804849771	0.9340790520824123
57	0.019259900530737624	-180.52599611287837	0.9268502581755593
57	0.039812938061009544	-177.99690751897157	0.9384615384615385
57	0.0	-179.96061537970726	0.9229406554472985
57	0.0	-164.29693311856053	0.9411231884057971
57	0.0	-169.93068924989228	0.9348958333333334
57	0.01987083526130565	-181.959219919345	0.9314586994727593
57	0.03740836788735683	-177.34870505549804	0.9398954703832753
57	0.011902597444059776	-166.85303748768084	0.9409209383145091
57	0.0	-173.23652804931973	0.937227550130776
57	0.018973328778130013	-169.88847236135405	0.936897458369851
57	0.03489450819374358	-164.55726675062766	0.946236559139785
57	0.023202747263202254	-178.279589251286	0.931758530183727
57	0.011184678427665703	-177.32530917061803	0.9292279411764706
57	0.0	-203.9897980711302	0.9136125654450262
57	0.025976970404508783	-172.77992601999523	0.9369449378330373
57	0.01858598336181138	-169.76387346129547	0.9325539568345323
57	0.02596073872633018	-167.4243638458184	0.9402460456942003
57	0.024726908375545524	-170.52073077805304	0.9309734513274336
57	0.021900157218123485	-155.8002705112589	0.9460201280878316
57	0.013444995035536913	-179.9636604621114	0.9295039164490861
57	14.128924817654257	-3482.401892575402	0.9343443275267486
58	0.012912308830125604	-182.62131408541723	0.9259896729776248
58	0.0	-174.6993734856627	0.9384615384615385
58	0.01896826164921316	-177.50298483707505	0.9229406554472985
58	0.012352414054877576	-162.13112198466013	0.9438405797101449
58	0.013128974880742671	-169.58096906423174	0.9348958333333334
58	0.014434109119594888	-180.27131456548236	0.9314586994727593
58	0.0	-173.79360832343968	0.9398954703832753
58	0.017789804463805525	-162.31168439788757	0.9417897480451781
58	0.022907965174821743	-172.78685616597542	0.9354838709677419
58	0.01789638602244191	-170.4112907594207	0.9316389132340053
58	0.0	-160.4907996813587	0.946236559139785
58	0.0	-176.19549692078485	0.9343832020997376
58	0.0	-172.45300913971286	0.9356617647058824
58	0.020324870699142166	-203.45324722589018	0.9101221640488656
58	0.016039546248414558	-174.50962121910763	0.9369449378330373
58	0.0	-167.2673639599193	0.935251798561151
58	0.0	-165.93574701452775	0.9402460456942003
58	0.024937217626146892	-169.50707676689552	0.9336283185840708
58	0.0	-152.57220542029552	0.9487648673376029
58	0.02510492374428787	-174.89933956315886	0.9355961705831157
58	14.210046190363707	-3443.3944245809034	0.9350959412857016
59	0.023732158065731025	-177.44561050911523	0.9302925989672978
59	0.01162732829321088	-177.64816443923803	0.9384615384615385
59	0.02654890623712238	-178.5927893370695	0.9264836138175376
59	0.025498367122888357	-164.12664433973328	0.9384057971014492
59	0.01162478341210999	-169.9077809755425	0.9409722222222222
59	0.03951366516362687	-177.88004509389165	0.9323374340949033
59	0.020246530983238614	-174.02992427406537	0.9398954703832753
59	0.02144736744527991	-162.84350347820904	0.945264986967854
59	0.018925736673198162	-172.49363194300895	0.9337401918047079
59	0.012642313995031303	-166.0597574926456	0.9412795793163892
59	0.0	-159.32780822917442	0.9489247311827957
59	0.02455978259251286	-175.74764613282167	0.9343832020997376
59	0.017138683376198765	-174.47881129857956	0.9301470588235294
59	0.0	-198.88658325986017	0.9205933682373473
59	0.01814939127271232	-170.0888281796558	0.9342806394316163
59	0.0266052759060441	-166.51770227461128	0.9361510791366906
59	0.024751424900352693	-163.5491572821868	0.9393673110720563
59	0.024481305091059048	-166.92940781902954	0.9353982300884955
59	0.0	-151.15186817459463	0.9451052150045746
59	0.019278691095239494	-171.62062031081757	0.938207136640557
59	14.369594068861016	-3419.3262848438508	0.9364665310814395
60	0.02563371243149389	-175.64142442929602	0.9311531841652324
60	0.02934467196383405	-176.58679650206508	0.9393665158371041
60	0.0	-172.87955882626278	0.9273693534100974
60	0.10696080551846791	-158.15331421515782	0.9411231884057971
60	0.013011848678493719	-170.29418694166105	0.9357638888888888
60	0.0	-174.11351564042556	0.9384885764499121
60	0.0	-172.81624651282908	0.9390243902439024
60	0.0	-159.1857134287144	0.946133796698523
60	0.0	-168.21887948670806	0.9433304272013949
60	0.0	-166.38449038069533	0.9412795793163892
60	0.0	-158.40824814160106	0.946236559139785
60	0.0	-171.62917028293018	0.9405074365704287
60	0.0	-169.76630642455711	0.9375
60	0.0	-195.83884273260566	0.918848167539267
60	0.0	-167.9580340892253	0.9360568383658969
60	0.0	-164.11717964763082	0.9361510791366906
60	0.0	-162.54337916624684	0.9402460456942003
60	0.0	-164.0462882904987	0.9389380530973451
60	0.02047065631516526	-153.0174274685895	0.9469350411710887
60	0.02510897222873381	-173.59703053573483	0.938207136640557
60	14.47501704204138	-3375.1960331434357	0.9381023963215138
61	0.011902326865863129	-173.66826534976593	0.9406196213425129
61	0.0	-170.5965993173951	0.9393665158371041
61	0.011882355514073054	-173.99989663481176	0.9326837909654562
61	0.0	-154.98564737845336	0.9456521739130435
61	0.0	-164.41038616985952	0.9427083333333334
61	0.01924046887605136	-174.62584857342134	0.9349736379613357
61	0.0	-171.41722763535765	0.9425087108013938
61	0.02276861299632017	-159.95469387665634	0.945264986967854
61	0.024083523267600517	-168.96599046509786	0.937227550130776
61	0.024736158719263133	-166.18503425642723	0.9386503067484663
61	0.01149644137422976	-157.31242773301943	0.9489247311827957
61	0.012546125099596243	-170.60725324541784	0.9422572178477691
61	0.03465782368748945	-168.10310223726654	0.9384191176470589
61	0.0	-197.4316468664601	0.9179755671902269
61	0.02476554567943839	-168.76081741362177	0.933392539964476
61	0.01748850106207447	-165.27145031147603	0.9406474820143885
61	0.020588360142532167	-161.28075450427198	0.9402460456942003
61	0.0	-162.26224889078154	0.9371681415929204
61	0.022792550351746863	-148.86462770779679	0.9478499542543458
61	0.026093258530908416	-172.27230844207025	0.9329852045256745
61	14.590368768189236	-3350.9762270094284	0.938942435228579
62	0.0	-169.93256155331974	0.9354561101549054
62	0.0	-167.86410416407006	0.9393665158371041
62	0.024657447148955732	-171.04672630688734	0.9309123117803366
62	0.0	-156.0274942175755	0.9420289855072463
62	0.02188875026662902	-164.97596974672916	0.9375
62	0.015013885505397038	-177.15328246987752	0.9323374340949033
62	0.0	-168.59787311129628	0.9433797909407665
62	0.0	-155.12947287766636	0.9513466550825369
62	0.0	-164.96291420731743	0.9433304272013949
62	0.0	-161.3071835661942	0.9465381244522348
62	0.0	-155.22768334470913	0.9480286738351255
62	0.0	-168.76397909768903	0.9431321084864392
62	0.0	-165.80658734328583	0.9402573529411765
62	0.0	-194.2160480018163	0.9197207678883071
62	0.0	-165.20776689425838	0.9378330373001776
62	0.0	-161.10695305968696	0.9388489208633094
62	0.0	-159.8883562292588	0.9428822495606327
62	0.0	-161.94000116164023	0.9380530973451328
62	0.01970994734542087	-149.12952507518423	0.9505946935041171
62	0.027033664835803953	-171.34363409532773	0.9373368146214099
62	14.626515522755323	-3309.6281165237906	0.9399151118578124
63	0.0	-170.66520698407558	0.9371772805507745
63	0.0	-168.77282402628177	0.9447963800904977
63	0.012198710105765192	-172.30286058199795	0.9317980513728964
63	0.0	-155.41093592662875	0.9465579710144928
63	0.0	-161.333044293786	0.9418402777777778
63	0.022321739473700006	-173.62743099528348	0.9349736379613357
63	0.0	-168.81260532736957	0.9425087108013938
63	0.0	-156.84315282108477	0.947871416159861
63	0.0	-164.77578410450687	0.939843068875327
63	0.02515264652853493	-164.22675308383512	0.9360210341805434
63	0.02926063402319888	-158.12499000703485	0.9453405017921147
63	0.0	-168.52701343476681	0.9457567804024497
63	0.02003880165687244	-166.50253021618497	0.9402573529411765
63	0.0	-194.3317899464047	0.924956369982548
63	0.026278732462594184	-166.05197123922295	0.9351687388987566
63	0.02295591840451621	-163.72037741190724	0.9433453237410072
63	0.012271800764944088	-160.04405228842663	0.9393673110720563
63	0.0	-160.63929580627976	0.9380530973451328
63	0.025305097753189044	-147.58427190882722	0.9478499542543458
63	0.026021051980683232	-171.11391962455167	0.9338555265448216
63	14.706659522319445	-3313.410810028456	0.9398266867097003
64	0.0	-168.44651343599435	0.9354561101549054
64	0.0	-166.2162118307781	0.9402714932126697
64	0.014668807020476852	-169.05960213921855	0.9309123117803366
64	0.0	-154.2714356996497	0.9447463768115942
64	0.0	-161.04927023655793	0.9401041666666666
64	0.0	-171.25940401260453	0.9367311072056239
64	0.0	-166.2580303106156	0.9433797909407665
64	0.0	-153.91823241799082	0.952215464813206
64	0.0	-162.96242906891467	0.9450741063644289
64	0.0445249395393544	-158.87583284340323	0.9491673970201577
64	0.0	-154.18227575780634	0.9453405017921147
64	0.0	-170.7597190301984	0.9343832020997376
64	0.0	-165.95605187385507	0.9365808823529411
64	0.018837552741020877	-197.1717576827982	0.9197207678883071
64	0.0	-163.65766823085693	0.9396092362344582
64	0.0	-160.63212395469338	0.9406474820143885
64	0.0	-159.90180070483765	0.9446397188049209
64	0.022844285901249144	-162.42002645405898	0.9424778761061947
64	0.0	-145.56306592497828	0.9487648673376029
64	0.02175045108639142	-166.48134502433976	0.939077458659704
64	14.755204669638532	-3279.04279663415	0.9404456627464851
65	0.025138337113306902	-170.5577757512982	0.9337349397590361
65	0.025048617441254993	-168.56837070929646	0.9411764705882353
65	0.019541980503656492	-167.96107197054363	0.9317980513728964
65	0.015591283733856159	-158.1816749757529	0.9393115942028986
65	0.0	-159.86882850399584	0.9409722222222222
65	0.022944321479728285	-169.99018638392502	0.937609841827768
65	0.02424407259097339	-167.00763774040584	0.9468641114982579
65	0.02897841609617049	-156.95759562779276	0.946133796698523
65	0.031336947707375114	-167.85163319471758	0.9363557105492589
65	0.030549212631612508	-159.6754090286278	0.9404031551270815
65	0.012199757774534784	-153.79903392978483	0.9480286738351255
65	0.021455858126815344	-167.2159823213753	0.9422572178477691
65	0.014048025643024915	-165.28842141344006	0.9420955882352942
65	0.020954288970596383	-190.55575734893134	0.9240837696335078
65	0.0	-161.45386334773156	0.9404973357015985
65	0.025726316430524046	-157.9854094055484	0.9433453237410072
65	0.020130897544436928	-157.177938449212	0.9481546572934973
65	0.027120637564484445	-157.30017456266688	0.9389380530973451
65	0.02156223583955899	-144.5669365041347	0.9478499542543458
65	0.012039917004502342	-166.26881271366324	0.938207136640557
65	14.93817808865339	-3268.2325138828446	0.940357237598373
66	0.027028785031269327	-169.5671843354376	0.9345955249569707
66	0.016207951963784856	-168.45909589769147	0.9466063348416289
66	0.025731819136428493	-169.10719545230515	0.933569530558016
66	0.036495897915335994	-153.3107388010811	0.9456521739130435
66	0.03244937518829129	-164.7428206274438	0.9348958333333334
66	0.032921848068923835	-172.0864650683063	0.9358523725834798
66	0.0	-163.50133393276437	0.9442508710801394
66	0.0	-153.62385889918218	0.945264986967854
66	0.0	-159.7370125435519	0.9476896251089799
66	0.0	-156.82784278858722	0.9482909728308502
66	0.0	-151.04879108642047	0.9471326164874552
66	0.024117380647652963	-167.41732846815628	0.9396325459317585
66	0.053579432094487636	-164.8176007126457	0.9420955882352942
66	0.019831097881887284	-189.60570510458828	0.9232111692844677
66	0.0	-159.90636343829803	0.9396092362344582
66	0.0	-156.76646994230222	0.9379496402877698
66	0.0	-155.03777021436363	0.9437609841827768
66	0.0	-157.95619794837455	0.9424778761061947
66	0.02754816241518373	-147.76634210187183	0.9505946935041171
66	0.026797138578722245	-166.21119207974613	0.939077458659704
66	15.045034458945088	-3247.497309443118	0.94106463878327
67	0.018320436948801713	-171.77073833728235	0.9320137693631669
67	0.0	-162.33167320048983	0.9475113122171945
67	0.02344897344576408	-166.5521322703667	0.9379982285208148
67	0.0	-149.37716288754882	0.9456521739130435
67	0.012452953579274485	-157.27439696238673	0.9427083333333334
67	0.028749250529014773	-167.06072450023578	0.9384885764499121
67	0.04241493001326573	-161.57826557472296	0.9494773519163763
67	0.020028050815188273	-150.4168083485584	0.9539530842745438
67	0.02322992809408324	-161.7913800782695	0.939843068875327
67	0.012716415615648874	-155.35159725602028	0.9430324276950044
67	0.0	-148.46802778506702	0.9507168458781362
67	0.0	-164.17239122367474	0.9422572178477691
67	0.0	-159.0978291422074	0.9420955882352942
67	0.02219070265071614	-188.42259794070557	0.9232111692844677
67	0.023029660346553658	-161.11208952016622	0.9396092362344582
67	0.024958290123628206	-156.32834495566323	0.9460431654676259
67	0.026368499816450924	-154.73961454483296	0.9393673110720563
67	0.014165059646730758	-155.49691129952095	0.9398230088495575
67	0.0	-142.1310986291832	0.9515096065873742
67	0.0	-158.77870190209904	0.9442993907745866
67	15.183310084607964	-3192.2524863590015	0.9424352285790079
68	0.0188471519969181	-162.7646370597682	0.9371772805507745
68	0.028994369508102167	-161.15190794187868	0.9457013574660633
68	0.026707917738005252	-161.2955915492465	0.9353410097431355
68	0.025457945086973584	-150.9223158799507	0.9429347826086957
68	0.012394943648836844	-155.90231267741223	0.9418402777777778
68	0.012766710980086143	-166.7662424954181	0.9384885764499121
68	0.0	-159.9078349604061	0.9442508710801394
68	0.0	-147.17707709644552	0.9548218940052129
68	0.0	-156.35596991443367	0.9476896251089799
68	0.0	-152.49801148370582	0.950920245398773
68	0.0	-147.1330284561569	0.953405017921147
68	0.0	-160.3698552165562	0.9466316710411199
68	0.0450890021781252	-157.72314863224278	0.9420955882352942
68	0.0	-186.87960815647284	0.9267015706806283
68	0.0	-158.44882929978456	0.9378330373001776
68	0.0	-154.01025705212237	0.9424460431654677
68	0.0	-152.15956094230165	0.9411247803163445
68	0.0	-154.1128631391048	0.9398230088495575
68	0.0	-139.24171512231672	0.9542543458371455
68	0.0	-157.52954139276932	0.9451697127937336
68	15.267434745616528	-3142.350308468493	0.9434079052082412
69	0.027013697491182605	-163.9308824746145	0.9380378657487092
69	0.016330107639030304	-163.49508135961463	0.9484162895927601
69	0.02504889782330033	-162.8132690592389	0.933569530558016
69	0.015680395265464175	-149.88081770501896	0.9438405797101449
69	0.03002844096637715	-155.75312077027715	0.9444444444444444
69	0.01901518297029729	-170.57637276431078	0.9358523725834798
69	0.0	-159.84163109914226	0.9442508710801394
69	0.0	-146.12188643754132	0.9565595134665508
69	0.0	-156.6821770762501	0.9450741063644289
69	0.0	-151.89811633916423	0.9491673970201577
69	0.0	-146.3886359749743	0.9551971326164874
69	0.0	-159.0848898504318	0.94750656167979
69	0.01973705725039349	-156.07003834909312	0.9448529411764706
69	0.0	-185.14346226207877	0.9293193717277487
69	0.023256543802296116	-158.94020518957214	0.9387211367673179
69	0.0	-155.6796050211768	0.9424460431654677
69	0.0	-153.32440873175204	0.9481546572934973
69	0.027126384772189586	-157.58187352581956	0.9469026548672567
69	0.0	-138.7062377252162	0.9533394327538883
69	0.02970852059025525	-159.10276376168778	0.9408181026979983
69	15.339995732972046	-3151.0154754769756	0.9442921566893625
70	0.01915690309331608	-159.23989206283989	0.9432013769363167
70	0.02035055078610737	-159.76273690495412	0.9457013574660633
70	0.0	-158.77943703311462	0.9353410097431355
70	0.02549757261189129	-145.7926005084244	0.9492753623188406
70	0.020941380342831512	-152.9070285914491	0.9479166666666666
70	0.029821319683828885	-165.52965139473773	0.9384885764499121
70	0.0	-158.55441347215407	0.9486062717770035
70	0.0	-148.46331904369964	0.9530842745438749
70	0.0	-154.5741024155141	0.9476896251089799
70	0.024235845601204453	-153.52083247295948	0.9482909728308502
70	0.0272792806597557	-148.05908566611726	0.956989247311828
70	0.023189811455509905	-161.35952990775618	0.9431321084864392
70	0.01373905512608121	-156.76615840835473	0.9402573529411765
70	0.01258553517856227	-181.1864997400653	0.931064572425829
70	0.0	-155.0688504900211	0.9396092362344582
70	0.0	-151.6180003547964	0.9469424460431655
70	0.0	-150.21587086093857	0.9490333919156415
70	0.0	-151.92681401583582	0.9433628318584071
70	0.0	-139.33695847865826	0.9560841720036597
70	0.0	-156.39715426956133	0.9460400348128808
70	15.438684425527825	-3109.058936091952	0.9454858961888761
71	0.0	-158.78073502158924	0.9423407917383821
71	0.0	-156.88291058405102	0.9457013574660633
71	0.0	-158.4599725951226	0.9362267493356953
71	0.0	-144.260719639739	0.9456521739130435
71	0.0	-150.62970085778093	0.9496527777777778
71	0.0	-160.74047775963854	0.9411247803163445
71	0.0	-157.39070446624066	0.9494773519163763
71	0.0	-144.21090336127054	0.9556907037358818
71	0.0	-154.34165310303058	0.946817785527463
71	0.0	-150.53018354641145	0.9500438212094654
71	0.0	-144.64975320046446	0.9543010752688172
71	0.0	-157.33783201910242	0.9510061242344707
71	0.0	-154.45108677323606	0.9411764705882353
71	0.0	-180.87898062773274	0.9293193717277487
71	0.0	-155.0688504900211	0.9396092362344582
71	0.0	-151.6180003547964	0.9469424460431655
71	0.0	-150.21587086093857	0.9490333919156415
71	0.0	-151.92681401583582	0.9433628318584071
71	0.0	-139.33695847865826	0.9560841720036597
71	0.0	-156.39715426956133	0.9460400348128808
71	15.438684425527825	-3078.109262025222	0.9459722345034928
72	0.0	-158.78073502158924	0.9423407917383821
72	0.0	-156.88291058405102	0.9457013574660633
72	0.0	-158.4599725951226	0.9362267493356953
72	0.0	-144.260719639739	0.9456521739130435
72	0.0	-150.62970085778093	0.9496527777777778
72	0.0	-160.74047775963854	0.9411247803163445
72	0.0	-157.39070446624066	0.9494773519163763
72	0.0	-144.21090336127054	0.9556907037358818
72	0.0	-154.34165310303058	0.946817785527463
72	0.0	-150.53018354641145	0.9500438212094654
72	0.0	-144.64975320046446	0.9543010752688172
72	0.0	-157.33783201910242	0.9510061242344707
72	0.0	-154.45108677323606	0.9411764705882353
72	0.0	-180.87898062773274	0.9293193717277487
72	0.0	-155.0688504900211	0.9396092362344582
72	0.0	-151.6180003547964	0.9469424460431655
72	0.0	-150.21587086093857	0.9490333919156415
72	0.0	-151.92681401583582	0.9433628318584071
72	0.0	-139.33695847865826	0.9560841720036597
72	0.0	-156.39715426956133	0.9460400348128808
72	15.438684425527825	-3078.109262025222	0.9459722345034928
73	0.0	-158.78073502158924	0.9423407917383821
73	0.0	-156.88291058405102	0.9457013574660633
73	0.0	-158.4599725951226	0.9362267493356953
73	0.0	-144.260719639739	0.9456521739130435
73	0.0	-150.62970085778093	0.9496527777777778
73	0.0	-160.74047775963854	0.9411247803163445
73	0.0	-157.39070446624066	0.9494773519163763
73	0.0	-144.21090336127054	0.9556907037358818
73	0.0	-154.34165310303058	0.946817785527463
73	0.0	-150.53018354641145	0.9500438212094654
73	0.0	-144.64975320046446	0.9543010752688172
73	0.0	-157.33783201910242	0.9510061242344707
73	0.0	-154.45108677323606	0.9411764705882353
73	0.0	-180.87898062773274	0.9293193717277487
73	0.0	-155.0688504900211	0.9396092362344582
73	0.0	-151.6180003547964	0.9469424460431655
73	0.0	-150.21587086093857	0.9490333919156415
73	0.0	-151.92681401583582	0.9433628318584071
73	0.0	-139.33695847865826	0.9560841720036597
73	0.0	-156.39715426956133	0.9460400348128808
73	15.438684425527825	-3078.109262025222	0.9459722345034928
74	0.0	-158.78073502158924	0.9423407917383821
74	0.0	-156.88291058405102	0.9457013574660633
74	0.0	-158.4599725951226	0.9362267493356953
74	0.0	-144.260719639739	0.9456521739130435
74	0.0	-150.62970085778093	0.9496527777777778
74	0.0	-160.74047775963854	0.9411247803163445
74	0.0	-157.39070446624066	0.9494773519163763
74	0.0	-144.21090336127054	0.9556907037358818
74	0.0	-154.34165310303058	0.946817785527463
74	0.0	-150.53018354641145	0.9500438212094654
74	0.0	-144.64975320046446	0.9543010752688172
74	0.0	-157.33783201910242	0.9510061242344707
74	0.0	-154.45108677323606	0.9411764705882353
74	0.0	-180.87898062773274	0.9293193717277487
74	0.0	-155.0688504900211	0.9396092362344582
74	0.0	-151.6180003547964	0.9469424460431655
74	0.0	-150.21587086093857	0.9490333919156415
74	0.0	-151.92681401583582	0.9433628318584071
74	0.0	-139.33695847865826	0.9560841720036597
74	0.0	-156.39715426956133	0.9460400348128808
74	15.438684425527825	-3078.109262025222	0.9459722345034928
75	0.0	-158.78073502158924	0.9423407917383821
75	0.0	-156.88291058405102	0.9457013574660633
75	0.0	-158.4599725951226	0.9362267493356953
75	0.0	-144.260719639739	0.9456521739130435
75	0.0	-150.62970085778093	0.9496527777777778
75	0.0	-160.74047775963854	0.9411247803163445
75	0.0	-157.39070446624066	0.9494773519163763
75	0.0	-144.21090336127054	0.9556907037358818
75	0.0	-154.34165310303058	0.946817785527463
75	0.0	-150.53018354641145	0.9500438212094654
75	0.0	-144.64975320046446	0.9543010752688172
75	0.0	-157.33783201910242	0.9510061242344707
75	0.0	-154.45108677323606	0.9411764705882353
75	0.0	-180.87898062773274	0.9293193717277487
75	0.0	-155.0688504900211	0.9396092362344582
75	0.0	-151.6180003547964	0.9469424460431655
75	0.0	-150.21587086093857	0.9490333919156415
75	0.0	-151.92681401583582	0.9433628318584071
75	0.0	-139.33695847865826	0.9560841720036597
75	0.0	-156.39715426956133	0.9460400348128808
75	15.438684425527825	-3078.109262025222	0.9459722345034928
76	0.0	-158.78073502158924	0.9423407917383821
76	0.0	-156.88291058405102	0.9457013574660633
76	0.0	-158.4599725951226	0.9362267493356953
76	0.0	-144.260719639739	0.9456521739130435
76	0.0	-150.62970085778093	0.9496527777777778
76	0.0	-160.74047775963854	0.9411247803163445
76	0.0	-157.39070446624066	0.9494773519163763
76	0.0	-144.21090336127054	0.9556907037358818
76	0.0	-154.34165310303058	0.946817785527463
76	0.0	-150.53018354641145	0.9500438212094654
76	0.0	-144.64975320046446	0.9543010752688172
76	0.0	-157.33783201910242	0.9510061242344707
76	0.0	-154.45108677323606	0.9411764705882353
76	0.0	-180.87898062773274	0.9293193717277487
76	0.0	-155.0688504900211	0.9396092362344582
76	0.0	-151.6180003547964	0.9469424460431655
76	0.0	-150.21587086093857	0.9490333919156415
76	0.0	-151.92681401583582	0.9433628318584071
76	0.0	-139.33695847865826	0.9560841720036597
76	0.0	-156.39715426956133	0.9460400348128808
76	15.438684425527825	-3078.109262025222	0.9459722345034928
