java.lang.NumberFormatException: For input string: ""
# ***** RESTART **********
# Try init with scale 1.0
# epsilon: 1.0E-8  alpha: 0.01
Iteration	stepsize	objective	accuracy
1	5.863386098363662	-1550.43533490437	0.48583333333333334
1	0.0	-741.6263856840325	0.5074766355140187
1	0.10656430390210994	-766.7178692636331	0.5167118337850045
1	0.050157973753054946	-815.0540520818329	0.5182667799490229
1	0.0	-819.6525882490096	0.5050761421319797
1	0.3163125256530138	-756.4000664072369	0.5329067641681902
1	0.10338853288405965	-756.8995472245787	0.5405651777575206
1	0.06574549566451186	-782.6716633772165	0.5496921723834652
1	0.05253378507039788	-776.877152026387	0.5346975088967971
1	0.05274295590180793	-789.9532915341496	0.5336832895888014
1	0.013027591989484612	-730.0394730756528	0.5303030303030303
1	0.023006318806314943	-789.4935219814755	0.5402097902097902
1	0.0981961342234423	-794.2873304434456	0.5096153846153846
1	0.0	-790.836913138167	0.5201401050788091
1	0.002801904901101153	-810.0661288085428	0.5098374679213002
1	0.023103391811204892	-753.6323226718557	0.5165441176470589
1	0.011847433905313606	-764.3083270535333	0.5113327289211242
1	0.10646586670111134	-804.8060139965587	0.5395189003436426
1	0.020989382726728314	-791.2475736488644	0.544425087108014
1	0.0	-778.9397803344372	0.5403011514614703
1	0.0	-16363.94533590498	0.5242284905827217
2	0.12446428520343444	-833.5723697221928	0.5141666666666667
2	0.02765218855093275	-741.6360863352885	0.5074766355140187
2	0.0	-766.9049932203069	0.5167118337850045
2	0.043902975284697894	-815.3482914124149	0.5182667799490229
2	0.04919781492905694	-819.6314344640804	0.5050761421319797
2	0.11130645007002672	-757.5577377653684	0.5329067641681902
2	0.030038303364932288	-756.8801653937495	0.5405651777575206
2	0.03364937829769557	-782.6607037552892	0.5496921723834652
2	0.04550779300512325	-776.8687975447905	0.5346975088967971
2	0.018701630266171623	-789.7137077444984	0.5336832895888014
2	0.013944832677413086	-730.0420103494624	0.5303030303030303
2	0.042105220886041066	-789.5043437564086	0.5402097902097902
2	0.11947787273827412	-794.9129659196329	0.5096153846153846
2	0.0	-790.8585721091719	0.5201401050788091
2	0.004580016266206382	-810.06389308574	0.5098374679213002
2	0.027524888601035122	-753.6600727788833	0.5165441176470589
2	0.018093975379495062	-764.3116022994793	0.5113327289211242
2	0.10906576331615897	-804.9836939316647	0.5395189003436426
2	0.02037078492909955	-791.2654231808093	0.544425087108014
2	0.0	-778.9226899232516	0.5403011514614703
2	0.0036567064622630716	-15649.299554692485	0.5257317181006278
3	0.11652085818781	-833.4395271516386	0.5141666666666667
3	0.031168357104750244	-741.6679866626079	0.5074766355140187
3	0.0	-766.8967785823102	0.5167118337850045
3	0.0428300549493121	-815.3381469740738	0.5182667799490229
3	0.05300783504703857	-819.6268461795715	0.5050761421319797
3	0.11187943439904358	-757.6826188008715	0.5329067641681902
3	0.03040043585027641	-756.9095425916088	0.5405651777575206
3	0.03876802659038503	-782.6938641577395	0.5496921723834652
3	0.06258402258097984	-776.901080413889	0.5346975088967971
3	0.0	-789.6722552768755	0.5336832895888014
3	0.014456658190776364	-730.0550063705833	0.5303030303030303
3	0.03998822406173759	-789.4694221751913	0.5402097902097902
3	0.1257355899101829	-794.9460305162206	0.5096153846153846
3	0.0	-790.9210045355993	0.5201401050788091
3	0.0	-810.0637322740967	0.5098374679213002
3	0.02907431422686279	-753.6659098799845	0.5165441176470589
3	0.01899476287277685	-764.3160934258924	0.5113327289211242
3	0.11375807494286738	-804.9866390479006	0.5395189003436426
3	0.016068740560993	-791.2394149654403	0.544425087108014
3	0.0	-778.9239477625351	0.5403011514614703
3	0.003357490405834667	-15649.415847744629	0.5257317181006278
4	0.11865742344918032	-833.4502480988638	0.5141666666666667
4	0.02765513213015279	-741.6537125372099	0.5074766355140187
4	0.0	-766.8794811469883	0.5167118337850045
4	0.04418170249457039	-815.3166886027153	0.5182667799490229
4	0.05568420736701354	-819.6740142665334	0.5050761421319797
4	0.11410783459257176	-757.671774459054	0.5329067641681902
4	0.03077416809621991	-756.887793777073	0.5405651777575206
4	0.033781684271813356	-782.662947435964	0.5496921723834652
4	0.057569890783777194	-776.8673000646407	0.5346975088967971
4	0.0031532007385108307	-789.6752699854356	0.5336832895888014
4	0.016347112910852085	-730.0543024575978	0.5303030303030303
4	0.03976954663253843	-789.492707648271	0.5402097902097902
4	0.12048910856965611	-794.866052886795	0.5096153846153846
4	0.0	-790.8852081675444	0.5201401050788091
4	0.0	-810.0628021321123	0.5098374679213002
4	0.02587211573768504	-753.6434074156914	0.5165441176470589
4	0.019856546507555077	-764.3147604011207	0.5113327289211242
4	0.11503923091727364	-805.0223713753102	0.5395189003436426
4	0.01825734878298163	-791.2385083826101	0.544425087108014
4	0.0	-778.9348012715081	0.5403011514614703
4	9.866467072868334E-4	-15649.25415251304	0.5257317181006278
5	0.12551095976771653	-833.5361422785545	0.5141666666666667
5	0.021678258500947588	-741.6226741705191	0.5074766355140187
5	0.0	-766.8647127959333	0.5167118337850045
5	0.03871673469711104	-815.2982514799015	0.5182667799490229
5	0.0517463584736378	-819.6127056050666	0.5050761421319797
5	0.10970215087235696	-757.6727851062144	0.5329067641681902
5	0.03589023265444749	-756.9263419385752	0.5405651777575206
5	0.03450160846585029	-782.656201205006	0.5496921723834652
5	0.06072259557029289	-776.8903973081308	0.5346975088967971
5	0.005144483582733866	-789.6731890595514	0.5336832895888014
5	0.01026456046514869	-730.0409098857276	0.5303030303030303
5	0.03979413645702369	-789.4664252989346	0.5402097902097902
5	0.125247123204984	-794.9488419607552	0.5096153846153846
5	0.0	-790.9139545487957	0.5201401050788091
5	0.0	-810.0633552646939	0.5098374679213002
5	0.03089118961092547	-753.6614151246097	0.5165441176470589
5	0.022605915617380207	-764.3303694671945	0.5113327289211242
5	0.11084186237658636	-805.026544521123	0.5395189003436426
5	0.020423676206107744	-791.2625595844247	0.544425087108014
5	0.0	-778.9248556101579	0.5403011514614703
5	0.003145149824981073	-15649.39263221387	0.5257317181006278
6	0.12217938746403433	-833.4578724784756	0.5141666666666667
6	0.022669331958849737	-741.6302769390259	0.5074766355140187
6	0.0	-766.8629579186492	0.5167118337850045
6	0.04030257465869769	-815.2960528455021	0.5182667799490229
6	0.050358848240948745	-819.6394249192007	0.5050761421319797
6	0.11085324682970067	-757.5768318297794	0.5329067641681902
6	0.02864725306944993	-756.8888640098629	0.5405651777575206
6	0.03659898071886741	-782.6863754534378	0.5496921723834652
6	0.05791003656196697	-776.8764604456665	0.5346975088967971
6	0.0036506379497158736	-789.6755896960753	0.5336832895888014
6	0.013328515039192732	-730.0531764880734	0.5303030303030303
6	0.03879368136702031	-789.4620472580102	0.5402097902097902
6	0.12110173569676021	-794.9277439687912	0.5096153846153846
6	0.0	-790.8719923664515	0.5201401050788091
6	0.0	-810.0631330013892	0.5098374679213002
6	0.02656414699876747	-753.6353186808243	0.5165441176470589
6	0.020978427615872403	-764.3255339292792	0.5113327289211242
6	0.10969696571090011	-804.9988882459348	0.5395189003436426
6	0.023804822603445464	-791.2644031724523	0.544425087108014
6	0.0	-778.9394680145721	0.5403011514614703
6	6.404021490418164E-5	-15649.132411661454	0.5257317181006278
7	0.12062187845787585	-833.5701458878292	0.5141666666666667
7	0.027908407728757183	-741.663975807425	0.5074766355140187
7	0.0	-766.8687520052144	0.5167118337850045
7	0.04107448592327773	-815.3033055896365	0.5182667799490229
7	0.05044294420543319	-819.6421217795341	0.5050761421319797
7	0.1121565182088601	-757.5741047945876	0.5329067641681902
7	0.029786731385483822	-756.8778147074263	0.5405651777575206
7	0.03712724042422533	-782.6601973165972	0.5496921723834652
7	0.06112104657572348	-776.9282513508186	0.5346975088967971
7	0.0072062061687391266	-789.6753697749845	0.5336832895888014
7	0.012415845803272818	-730.0401852518205	0.5303030303030303
7	0.038184240987778395	-789.4933182374622	0.5402097902097902
7	0.12216609863428894	-794.8095395512813	0.5096153846153846
7	0.0	-790.9253921464017	0.5201401050788091
7	0.0	-810.0640113415169	0.5098374679213002
7	0.028681769030879684	-753.6687216578972	0.5165441176470589
7	0.02117076761984507	-764.3119695040588	0.5113327289211242
7	0.11516139206102628	-805.0823164211059	0.5395189003436426
7	0.017672153878394686	-791.2473114886905	0.544425087108014
7	0.0	-778.924324310631	0.5403011514614703
7	0.003269058904930288	-15649.33112892492	0.5257317181006278
Time per iteration: 10504
# Likelihood: -15649.132411661454
# ***** RESTART **********
# Try init with scale 1.0
# epsilon: 1.0E-8  alpha: 0.01
Iteration	stepsize	objective	accuracy
1	0.7891436445644624	-934.0456766874947	0.5125
1	0.0	-750.9605956370353	0.49252336448598133
1	2.538518837471361	-779.3071219597844	0.4787714543812105
1	0.951677735078367	-820.5889496267949	0.4842820730671198
1	0.0	-819.4954228666255	0.5050761421319797
1	0.9982694521149246	-756.5529582773687	0.5329067641681902
1	0.11689069313844715	-749.9569082489166	0.5405651777575206
1	1.0874593961064905	-770.5729841647964	0.5496921723834652
1	0.18581396691588048	-751.7751790555246	0.5346975088967971
1	0.6385098897013544	-757.1047111452269	0.5336832895888014
1	0.1361972917112003	-682.6014040520577	0.6647727272727273
1	0.14795348770622604	-704.1384012167557	0.6197552447552448
1	0.06639266510878761	-712.8901138127303	0.6013986013986014
1	0.04216985592183206	-705.9485365189622	0.6654991243432574
1	0.1519040126494583	-719.8517428471944	0.6894781864841745
1	0.06849497264054755	-657.2125167451766	0.6626838235294118
1	0.5235298862050908	-661.717741833106	0.7062556663644606
1	0.0480178884505873	-657.0101513170755	0.6958762886597938
1	0.004065027013204454	-640.6776901903551	0.7412891986062717
1	0.29747175981595125	-635.8323857513304	0.7493356953055802
1	0.29747175981595125	-14668.241191954314	0.5978866389601203
2	0.04562986794116409	-688.810273600187	0.7033333333333334
2	0.006383802259938549	-606.8210791925951	0.7448598130841122
2	1.1916674913732288	-620.9401645425683	0.7452574525745257
2	0.5612347573695491	-653.0252482717494	0.7349192863211554
2	0.0409105985331599	-614.7402352010396	0.7800338409475466
2	0.017811964186656058	-551.0692533575792	0.7824497257769653
2	0.0	-549.2435346053948	0.7666362807657247
2	0.0361477415265967	-564.7235098659913	0.7660510114335972
2	1.3048365157995967	-583.0855683568248	0.751779359430605
2	0.01147799635105634	-570.1007597122858	0.7620297462817148
2	0.4712281682894309	-518.6320244004462	0.7803030303030303
2	0.010481592004910514	-541.2248161468851	0.7805944055944056
2	0.012525418822387342	-547.3308114194946	0.7805944055944056
2	0.2528649278458832	-553.2575133967972	0.7758318739054291
2	0.01918091045433146	-558.7929721298103	0.7784431137724551
2	0.0024005515753799723	-521.506033727252	0.7803308823529411
2	0.02838734167227119	-520.4030015480566	0.7824116047144152
2	0.033403257703733806	-536.6877284271741	0.7895189003436426
2	0.2468575100030845	-530.3376063381585	0.7796167247386759
2	0.023043374449856952	-528.4538611934607	0.7732506643046945
2	2.6828020084005617	-11359.18599543375	0.7667344592802193
3	0.0	-577.1067190730955	0.7875
3	0.25192235833857907	-521.8331687405525	0.7700934579439253
3	0.024913572435895415	-519.3904880807207	0.7967479674796748
3	0.0878019171498161	-606.2506568145051	0.72982158028887
3	0.034578182254143136	-566.16985327225	0.7834179357021996
3	0.0143281421939958	-513.7469831530881	0.7915904936014625
3	0.0765741542849991	-512.5396412636604	0.7748404740200547
3	0.028180277317142063	-530.2073497067096	0.7766051011433597
3	0.022768548938821926	-547.5047958511136	0.7686832740213523
3	0.02307065770975445	-544.7637671959881	0.7847769028871391
3	0.028275688531074306	-492.1447224240533	0.7897727272727273
3	0.03515176944699997	-524.2026055179981	0.784965034965035
3	0.01605050325844228	-534.7025310488206	0.7840909090909091
3	0.13146795795043617	-540.1770618629762	0.7889667250437828
3	0.025446282214475435	-546.6899484256173	0.7887082976903336
3	0.04395724688987778	-512.602180316656	0.7849264705882353
3	0.027969827099744864	-510.5547960126033	0.7914777878513146
3	0.05524844930067746	-526.6634397119672	0.7929553264604811
3	0.02248140553487712	-520.6439240825356	0.7883275261324042
3	0.2643345414004432	-516.1972726384013	0.7776793622674933
3	3.1131237626605577	-10664.091905193312	0.7817225218852242
4	0.034022692371697055	-565.9616641209985	0.7916666666666666
4	0.0573127992948188	-508.4708223919961	0.7710280373831776
4	0.07300564009775011	-506.6656906170341	0.7958446251129178
4	0.02607121792915285	-595.5927631336264	0.7340696686491079
4	0.05625778816244718	-554.9670174020524	0.7868020304568528
4	0.019888264667862712	-503.9646400349452	0.7888482632541134
4	0.04543389629093454	-503.1140424486227	0.7775752051048314
4	0.47784702567935944	-521.2713466217775	0.7783641160949868
4	0.034249103637603015	-534.5567599139182	0.7580071174377224
4	0.11109893357050797	-523.979153471974	0.7891513560804899
4	0.0377750901128509	-472.6430913969661	0.7888257575757576
4	0.0647297515821383	-502.82185973578277	0.7840909090909091
4	0.032277572741022796	-515.1497997436537	0.7867132867132867
4	0.037070290569480545	-517.3919922284979	0.7889667250437828
4	0.7862231131883992	-524.5482037393261	0.7929854576561164
4	0.062942607062829	-479.56308614052756	0.7784926470588235
4	0.08166820349619983	-475.872869342814	0.7969174977334542
4	0.13257495187836152	-484.13534828305734	0.7895189003436426
4	0.03546584156388064	-482.77922959997767	0.7900696864111498
4	0.11205155889465261	-472.0568181109752	0.7829937998228521
4	4.206981826971008	-10245.506198478524	0.7825183482182333
5	0.062063657423766475	-518.8991235266939	0.7866666666666666
5	0.14084604651408672	-459.62955572200025	0.7747663551401869
5	0.05612364549279913	-458.5573092725935	0.7931345980126467
5	0.07056397878181603	-532.5210200004834	0.7527612574341547
5	0.03732072662058948	-506.12463840598394	0.7978003384094755
5	0.022022435571609385	-455.80137424761284	0.7970749542961609
5	0.08872164765334528	-455.99604288508795	0.7894257064721969
5	0.2547656127042752	-472.9551918699182	0.793315743183817
5	0.08561589308628177	-477.9248910403807	0.8042704626334519
5	0.031526123910220374	-467.5925063338729	0.8232720909886264
5	0.06970095586500315	-430.29942650503153	0.8181818181818182
5	0.04432898264086388	-450.4389290885041	0.8208041958041958
5	0.02123952234261629	-467.557179828474	0.8068181818181818
5	0.2619584617176711	-465.0484409986906	0.8012259194395797
5	0.07113646502682601	-465.72289696211413	0.8118049615055604
5	0.03161383272671728	-431.9587155612052	0.8088235294117647
5	0.09820066169181023	-434.0470040445374	0.8177697189483227
5	0.02862390668312261	-439.726263214622	0.8152920962199313
5	0.041292910016955474	-447.1165142763908	0.8057491289198606
5	0.09304250476225011	-430.04211068836327	0.8077945084145262
5	4.970305659127874	-9267.95913447256	0.8012644796180034
6	0.0432036335924806	-477.1263436502039	0.8283333333333334
6	0.08969180520484232	-422.2529847057919	0.8186915887850468
6	0.0564523362261902	-417.4665051297413	0.8337850045167118
6	0.030152076589628797	-490.2236993107501	0.7960917587085812
6	0.09590196538541712	-466.2658025403683	0.8358714043993232
6	0.03149074853795102	-417.2509599130534	0.8144424131627057
6	0.054772665784773966	-420.726031407068	0.8067456700091158
6	0.18599696029955326	-432.92701159919756	0.8276165347405453
6	0.03795799895843287	-438.1640038234744	0.8487544483985765
6	0.0237077111977088	-425.9307104950465	0.8748906386701663
6	0.1297857255696773	-396.6370756233877	0.8494318181818182
6	0.04424876887657414	-411.9504396135174	0.8356643356643356
6	0.02701581427667161	-431.6842214423165	0.8382867132867133
6	0.06652757160127358	-425.1819928952301	0.841506129597198
6	0.08224814649263922	-429.20121177865013	0.8400342172797263
6	0.04043315309256315	-396.61697972618623	0.8455882352941176
6	0.044185556176891974	-400.17650410987454	0.8694469628286491
6	0.03926978329448733	-406.19539338541375	0.8530927835051546
6	0.0313545119328133	-418.3886698786971	0.8344947735191638
6	0.07879398806143537	-398.3718757593307	0.8494242692648362
6	5.592321572472123	-8522.7384167873	0.8370766646034132
7	0.03606851929170167	-441.4281612717709	0.8616666666666667
7	0.3202419581817857	-391.72822413906124	0.8523364485981308
7	0.04065381213353403	-382.2266529094135	0.8915989159891599
7	0.0738004632536048	-447.41542661132854	0.8496176720475785
7	0.0543278804404934	-427.400589734255	0.8840947546531303
7	0.017511507424439594	-377.34234503643825	0.8683729433272395
7	0.0781986190629379	-385.6718545818221	0.8623518687329079
7	0.5189009987338331	-394.4166426724705	0.8733509234828496
7	0.04967326910888941	-391.9946178973462	0.8674377224199288
7	0.041206198293641146	-375.6767274491919	0.8958880139982502
7	0.07661855517586157	-352.20867905103495	0.8892045454545454
7	0.03631046301212537	-363.9807749654201	0.8924825174825175
7	0.01853814150969169	-383.11877810569564	0.8767482517482518
7	0.06596070344276202	-376.03001907311454	0.8870402802101576
7	0.060913393283644444	-383.36196385380356	0.88366124893071
7	0.029828548507714152	-349.65880224604484	0.8933823529411765
7	0.09225686443203995	-355.0145479427818	0.8912058023572076
7	0.0280861308790758	-363.70058916402945	0.8823024054982818
7	0.03284618341090644	-375.5072081293698	0.8710801393728222
7	0.04521306418760754	-351.5987499935491	0.887511071744907
7	6.495835946768092	-7669.481354827943	0.8780175081793262
8	0.0341660409000177	-391.8409728006888	0.8883333333333333
8	0.053682510135802726	-348.6274931023927	0.874766355140187
8	0.05066377684085276	-343.08038053229484	0.9060523938572719
8	0.04310638285680903	-404.50549052603327	0.8742565845369583
8	0.037603767803791655	-389.69463165425907	0.8950930626057529
8	0.01624524964102731	-338.21194149254586	0.896709323583181
8	0.03225009265175419	-351.29697671742815	0.8805834092980857
8	0.05783970591418472	-358.3286756990352	0.8839050131926122
8	0.02185623913676266	-360.0288394852123	0.8861209964412812
8	0.01824685419297405	-349.6514774653822	0.9002624671916011
8	0.06518058611685432	-329.1406340598377	0.8863636363636364
8	0.03541792489751066	-339.554853107669	0.8907342657342657
8	0.014609531340661888	-359.7931774385691	0.8881118881118881
8	0.0409969585631217	-352.57283051967255	0.9001751313485113
8	0.06289366731094957	-358.30853250271554	0.8973481608212147
8	0.03078462260337193	-329.73335753328604	0.8933823529411765
8	0.018411290765374573	-333.76904419567813	0.8930190389845875
8	0.014809196598202125	-343.3606015799403	0.9037800687285223
8	0.029740661307155244	-357.41916664846076	0.8797909407665505
8	0.023142479340584055	-331.2965557443582	0.8990256864481843
8	6.829650080386759	-7070.215632805461	0.8909275798036962
9	0.04517547478181875	-372.47437322441857	0.8941666666666667
9	0.030852456445387488	-330.7620112415391	0.8878504672897196
9	0.05270613937229602	-324.76493714266456	0.9087624209575429
9	0.04235070499356809	-385.6378059528634	0.8768054375531011
9	0.03511277033251321	-371.9335893614401	0.8942470389170897
9	0.016864042361387933	-320.46422018516427	0.9085923217550275
9	0.022619877630081168	-337.28984332599987	0.8796718322698268
9	0.01009837620814926	-343.32323381564345	0.8847845206684257
9	0.03215716258792953	-344.5357561407384	0.8887900355871886
9	0.029575269345529693	-333.631363305306	0.9037620297462817
9	0.03613543938673309	-313.5297433067455	0.8835227272727273
9	0.07322341861589683	-321.78479492720174	0.8986013986013986
9	0.047710348084967	-344.45843941841065	0.8942307692307693
9	0.02652197472080005	-332.94210579042846	0.9019264448336253
9	0.022090010939236775	-341.00066072738986	0.8964927288280582
9	0.03502312597959623	-312.5540842191564	0.9025735294117647
9	0.031475113184274255	-320.403500275927	0.9038984587488668
9	0.017057672032295093	-328.04892344495556	0.9097938144329897
9	0.03306821372583622	-343.4540622893418	0.8797909407665505
9	0.018511177766773815	-315.4166396293442	0.9016829052258636
9	7.14781431303437	-6738.410087724678	0.8949951366168538
10	0.07468938443719302	-355.82676709898635	0.8983333333333333
10	0.030336324675584975	-313.46773595807963	0.8962616822429906
10	0.039337646807002295	-307.46519308681707	0.9051490514905149
10	0.0405121749447534	-368.61331836197746	0.881053525913339
10	0.033524698569268714	-356.8061818240018	0.8984771573604061
10	0.01881011700358433	-304.8385884039759	0.9122486288848263
10	0.03215569366212106	-323.8872757788515	0.8851412944393802
10	0.043416501295067945	-329.9219287194766	0.8830255057167986
10	0.017432564836666876	-326.9481300018945	0.8932384341637011
10	0.01116166786505881	-316.58806131020395	0.9046369203849519
10	0.028159380702119315	-297.6512901393877	0.8910984848484849
10	0.022544126142070228	-306.13590798984194	0.9038461538461539
10	0.014436425466659526	-331.41302657810485	0.888986013986014
10	0.03787423646187428	-319.9670482086761	0.9080560420315237
10	0.08709922318220407	-327.21318461294936	0.8964927288280582
10	0.016831676093171575	-296.0525350973334	0.9071691176470589
10	0.057460820718586256	-306.60118655913794	0.9057116953762466
10	0.035449144891387036	-312.75354211878545	0.9037800687285223
10	0.022174626604608956	-331.0728961847539	0.8736933797909407
10	0.034974448610546445	-300.3622569110173	0.9069973427812223
10	7.497620193905139	-6433.586054944252	0.8971173401715448
11	0.03993630399757263	-339.82857147775627	0.9033333333333333
11	0.021586610027033024	-300.0314511960389	0.8962616822429906
11	0.0189904565765328	-293.8414083329448	0.9096657633242999
11	0.017397756821043376	-350.6498881776884	0.8819031435853866
11	0.038754725596220486	-341.8961749236926	0.8976311336717429
11	0.0056271744300740245	-291.00965404241083	0.9149908592321755
11	0.08296839193221324	-311.0790917623947	0.8805834092980857
11	0.03627152389065733	-318.0726107291923	0.8874230430958663
11	0.03261187983541489	-313.78525487465436	0.8959074733096085
11	0.07311378006331046	-302.64175379142546	0.9063867016622922
11	0.0337841593507009	-284.4053287995892	0.8939393939393939
11	0.038283252808603334	-289.5047876292877	0.9090909090909091
11	0.027241510595458165	-317.7094040847406	0.8916083916083916
11	0.024769001244155594	-303.0708143331607	0.9063047285464098
11	0.07371009155444952	-311.6744714424264	0.8990590248075278
11	0.021546609680586207	-282.26009739581684	0.9099264705882353
11	0.00593878336177689	-293.05859746596195	0.9038984587488668
11	0.01601368445968586	-298.01804667955554	0.9097938144329897
11	0.01782686343300113	-318.92112695983064	0.8754355400696864
11	0.024521206366382733	-286.4600252172497	0.9061116031886626
11	7.825583099847685	-6147.918559315817	0.8989300557078433
12	0.024866044782321725	-326.238494288684	0.9041666666666667
12	0.022662276641718195	-287.0938684406967	0.8953271028037383
12	0.023145820562572025	-282.2189215608029	0.9105691056910569
12	0.012255419326656842	-337.62979121269643	0.8836023789294817
12	0.03517710258439403	-327.70430513206213	0.9018612521150592
12	0.005627741923328736	-278.49158687178294	0.9122486288848263
12	0.04741592980478646	-300.45152018765964	0.8833181403828624
12	0.051120300675398196	-307.67447089866135	0.8865435356200527
12	0.030362305520983707	-303.084854722893	0.895017793594306
12	0.08960494801300853	-291.1491985088454	0.9081364829396326
12	0.01083647870759866	-273.84364409886194	0.8882575757575758
12	0.00761275645455616	-278.1470278526644	0.909965034965035
12	0.01602941987870271	-309.0949047192111	0.8872377622377622
12	0.03435316247404459	-293.6032687238209	0.9071803852889667
12	0.05379322567919903	-302.2432364399867	0.9016253207869974
12	0.02134820933977851	-273.1162312365118	0.90625
12	0.02262428393063955	-284.7799658397217	0.9066183136899365
12	0.1254696292255427	-287.24502280409973	0.9080756013745704
12	0.017222097192049937	-311.7312104820192	0.877177700348432
12	0.0470267737780322	-274.3894049039288	0.912311780336581
12	8.19293531508575	-5929.930928925612	0.8992837563002918
13	0.033045549831661164	-312.6196828945723	0.9008333333333334
13	0.029055060846972854	-275.10027358029004	0.8962616822429906
13	0.03553374948222297	-268.8178880906954	0.9105691056910569
13	0.022658311643134886	-326.7872595210609	0.8827527612574342
13	0.03470901668514696	-316.6066299732353	0.8967851099830795
13	0.0059041529465080215	-265.674416562728	0.9159049360146252
13	0.029638350502156345	-290.3997524673773	0.886964448495898
13	0.02974003276468245	-297.0331779018891	0.8865435356200527
13	0.023553469074878992	-290.2530472388784	0.8985765124555161
13	0.05199700219255465	-279.7715947169451	0.9081364829396326
13	0.03716336334566234	-264.4802717300561	0.8977272727272727
13	0.024291822984911757	-266.52618409054077	0.9187062937062938
13	0.015699569135828456	-299.82368668368656	0.8907342657342657
13	0.029423954248729154	-281.83900739109447	0.9063047285464098
13	0.0576855234104116	-290.9327584163051	0.9007698887938409
13	0.02830535713455479	-264.22514479340947	0.9108455882352942
13	0.0	-274.59236769164477	0.9038984587488668
13	0.016749723770785135	-276.5332994171074	0.9097938144329897
13	0.02089646857423013	-302.3846460244731	0.8763066202090593
13	0.021999424992284	-268.02242263344095	0.9105403011514615
13	8.442166922404326	-5712.423511819431	0.9003890706516934
14	0.07294690788117753	-304.2386100935328	0.9058333333333334
14	0.024668207072295795	-268.611265962038	0.8981308411214953
14	0.01300385133357275	-260.01348451169883	0.9132791327913279
14	0.016908705587850438	-315.9732597662491	0.8802039082412915
14	0.04217810356638813	-310.32998736539685	0.8976311336717429
14	0.00872162343534171	-257.75613221497025	0.9177330895795247
14	0.030468232086612482	-284.72548064195877	0.8842297174111212
14	0.09058671421511101	-289.93308783979097	0.8883025505716798
14	0.21357367184462975	-281.1625761948397	0.900355871886121
14	0.027236108669535998	-267.87488634199946	0.9072615923009624
14	0.020453491688095113	-254.9935289455571	0.8939393939393939
14	0.02763898652094434	-257.63529664419576	0.916083916083916
14	0.019131987893803326	-289.8094189754707	0.8933566433566433
14	0.027809880824960692	-271.1339732653597	0.9054290718038529
14	0.08613951045380769	-281.82171117307803	0.9024807527801539
14	0.024770831218588325	-249.6379133855159	0.9145220588235294
14	0.029827608937943294	-266.53354611324954	0.9038984587488668
14	0.019754603444915447	-266.20629186872173	0.9097938144329897
14	0.023307157550539092	-294.08407114103494	0.8789198606271778
14	0.026131876820387707	-257.2055133545585	0.9087688219663419
14	8.879640326621747	-5529.680035799217	0.9009638341144222
15	0.039340514748417085	-292.7860302478144	0.905
15	0.015535426206553508	-257.5144861999078	0.9037383177570093
15	0.026090466122977503	-250.26244864212853	0.9132791327913279
15	0.022273349332957805	-307.0873163469352	0.8819031435853866
15	0.03136167019874845	-299.65965743044836	0.8959390862944162
15	0.018027510766551083	-246.98514458963533	0.9113345521023766
15	0.04336582907751396	-275.93031956964825	0.8842297174111212
15	0.02556768710632788	-280.59447230037466	0.8891820580474934
15	0.012070869983544577	-271.44763838143336	0.8994661921708185
15	0.09956614751797038	-261.2567843734875	0.9063867016622922
15	0.01584809818991296	-247.8721141116518	0.8910984848484849
15	0.0075464527404506525	-247.85135286201543	0.916083916083916
15	0.01829686597156897	-284.5141497249442	0.8898601398601399
15	0.029056181571076572	-264.06266862542094	0.9036777583187391
15	0.04690696326788128	-273.63687693058193	0.9059024807527801
15	0.033933405562786755	-246.01048526470666	0.9099264705882353
15	0.08312244114417833	-260.22368352061807	0.9102447869446962
15	0.02051861901123856	-260.07118869750104	0.9132302405498282
15	0.020346947170683936	-286.3607359414546	0.8797909407665505
15	0.023622135842677493	-247.4157288883291	0.9149689991142604
15	9.187369717364858	-5361.543282649037	0.9012291095587585
16	0.020099166784707113	-285.0847465327622	0.9066666666666666
16	0.01960192646673395	-250.60685601350207	0.9037383177570093
16	0.022119195217021614	-244.15638508083748	0.9141824751580849
16	0.007403245148004587	-298.81231812936255	0.881053525913339
16	0.027884829778941658	-289.0678455338889	0.9010152284263959
16	0.009521070166811313	-240.08712894019774	0.9131627056672761
16	0.03232865826440612	-268.245104044509	0.886052871467639
16	0.020158075764898153	-274.8910491497189	0.8927000879507476
16	0.019014422173723868	-266.38135667954634	0.8994661921708185
16	0.018502454765051177	-255.04105865959815	0.9072615923009624
16	0.08373099388640481	-241.6448321269695	0.8901515151515151
16	0.016498632450149354	-242.9857315615139	0.9204545454545454
16	0.02102429631308907	-279.53290688759006	0.8907342657342657
16	0.02162705061517229	-257.6467608408136	0.9045534150612959
16	0.013657934061934277	-267.0403434185424	0.9067579127459366
16	0.02645171251415094	-240.62743995143097	0.9099264705882353
16	0.0	-253.98017750617282	0.9048050770625566
16	0.007196305904038037	-254.20048038238772	0.9123711340206185
16	0.015420955626038508	-279.4528138501165	0.8850174216027874
16	0.013913821195376614	-244.3256733902068	0.9131975199291408
16	9.372286253066713	-5233.811008679667	0.9021575736139358
17	0.04106446358598313	-279.855764962967	0.91
17	0.02678418201751656	-248.23430393875472	0.9018691588785047
17	0.014479567498998081	-238.19876693001584	0.9132791327913279
17	0.006821397827437253	-293.8180776337414	0.8827527612574342
17	0.0288860149085332	-284.6707993499152	0.9018612521150592
17	0.006703500163460791	-235.40508869323108	0.9122486288848263
17	0.05764333792766351	-264.5539303934693	0.886964448495898
17	0.023771680313801034	-271.4274314579146	0.8918205804749341
17	0.033041040210649915	-262.66659010964923	0.900355871886121
17	0.035262371192599645	-250.55386902201073	0.9081364829396326
17	0.0242637479321992	-237.24394907285776	0.8929924242424242
17	0.029496121044710086	-236.22555557218428	0.9178321678321678
17	0.024826981102391368	-275.5314427114162	0.8977272727272727
17	0.022487028231767566	-253.1844147354586	0.9045534150612959
17	0.06496837535948952	-263.2645520461836	0.9016253207869974
17	0.02685632512908614	-236.5854342527377	0.9145220588235294
17	0.0	-250.01863842828112	0.9066183136899365
17	0.018099674241888842	-249.13383563351329	0.9123711340206185
17	0.02340115447264333	-277.68093398999713	0.8850174216027874
17	0.03054791209146112	-242.38021217899478	0.9087688219663419
17	9.61912406081088	-5150.633591113296	0.9025554867804404
18	0.035885583130904446	-276.67496238167655	0.9075
18	0.019393073329179417	-242.14949364306136	0.9046728971962616
18	0.02497488679585287	-234.14754556886075	0.912375790424571
18	0.011500208516714	-289.82232297848793	0.8819031435853866
18	0.026158366418216592	-280.2424012432766	0.9018612521150592
18	0.01675359347153187	-230.40759471574592	0.9122486288848263
18	0.03444135531035113	-262.4133759350194	0.8906107566089334
18	0.03238362694940402	-266.9678023878249	0.8927000879507476
18	0.024725214430980445	-257.1063570201158	0.9012455516014235
18	0.044426160031630205	-246.0376430026	0.910761154855643
18	0.03020438229568492	-233.43574514334563	0.9005681818181818
18	0.030026287220888185	-231.52519757156193	0.9222027972027972
18	0.02354063874614047	-270.57339146072076	0.8959790209790209
18	0.017773870899805724	-248.19878473296382	0.9054290718038529
18	0.11045459298644629	-258.21060444357624	0.9067579127459366
18	0.02633485746115996	-232.0625146581799	0.9090073529411765
18	0.0	-246.16036193408405	0.9084315503173164
18	0.016138602498632696	-243.5434047012059	0.9106529209621993
18	0.02328580014039144	-272.27119718098515	0.8867595818815331
18	0.031236600731284224	-238.13055258056852	0.9105403011514615
18	9.878390073978768	-5060.081253283861	0.9035723759837297
19	0.02704369641888869	-272.2718413602847	0.9083333333333333
19	0.007296983209077131	-237.41963930288577	0.9046728971962616
19	0.02436350525594216	-228.46943577867611	0.9186991869918699
19	0.020772054302112326	-284.7939952546567	0.8827527612574342
19	0.04590963003331317	-280.8346946704691	0.9027072758037225
19	0.0	-224.58471139925786	0.9177330895795247
19	0.051431751460998806	-256.25147956263004	0.8924339106654512
19	0.03094171234531736	-263.31903531223924	0.8935795954265612
19	0.03214956533514445	-253.51733086290085	0.9030249110320284
19	0.0584703785202701	-241.3556804508075	0.9116360454943132
19	0.025194617882110797	-228.93598730048978	0.9015151515151515
19	0.01668780152354075	-226.01274824391683	0.9213286713286714
19	0.024594706312305058	-266.9142095545363	0.8986013986013986
19	0.018964034850810062	-244.33530960238926	0.9080560420315237
19	0.0	-252.87535904389557	0.9084687767322498
19	0.02324543444325592	-226.3911449124175	0.9145220588235294
19	0.0	-242.06684498774064	0.9048050770625566
19	0.006795131560263222	-240.0159696527304	0.9149484536082474
19	0.011326378973123394	-266.84450660133405	0.8876306620209059
19	0.02486817485864573	-231.08754661036033	0.91674047829938
19	10.074790891983362	-4968.297470464619	0.9055619418162525
20	0.01451347882373038	-267.98548443552966	0.9091666666666667
20	0.008708135568172624	-234.62241469331673	0.9065420560747663
20	0.012475156631269612	-224.87966394040194	0.9205058717253839
20	0.01667208852773831	-281.69040275160654	0.8853016142735769
20	0.04686658860292789	-275.0787095850237	0.9018612521150592
20	0.013136948620837002	-221.46538195722823	0.9159049360146252
20	0.03125193933039635	-256.2546336833894	0.8933454876937101
20	0.09669414686871573	-259.52377312451296	0.8944591029023746
20	0.01750871642396969	-248.2659512973483	0.9012455516014235
20	0.04812244489977437	-236.9251680825391	0.9116360454943132
20	0.030242443890107783	-225.80118684665555	0.9005681818181818
20	0.024324664638709574	-223.2215213791211	0.9256993006993007
20	0.01013351106605517	-262.28120404172597	0.8986013986013986
20	0.021978966388298382	-240.65121466509584	0.9115586690017513
20	0.0	-250.71228266218557	0.9033361847733106
20	0.0294217890135273	-222.75417010937784	0.9154411764705882
20	0.009066034148569376	-238.77940839938097	0.9129646418857661
20	0.009847610575394213	-235.94820068051465	0.9123711340206185
20	0.008825769417748265	-263.88690887173897	0.8902439024390244
20	0.02605183791332903	-226.25970227787104	0.91674047829938
20	10.293180449671494	-4896.987383484565	0.9063135555752055
21	0.014052825352715353	-263.0431827267286	0.9116666666666666
21	0.023737918071636513	-231.80636923017207	0.9093457943925234
21	0.02316452767572505	-222.91581441065676	0.9150858175248419
21	0.015622112613929545	-276.3765410361661	0.8887000849617672
21	0.038395470174544775	-271.8569240694718	0.9069373942470389
21	0.0	-216.40229595904967	0.916819012797075
21	0.10934179234103254	-249.1871994151809	0.8896991795806746
21	0.024149550807817628	-255.6462650080447	0.8962181178540017
21	0.03555204652208266	-246.02273734568928	0.9039145907473309
21	0.031241933890927862	-233.59658693159892	0.916010498687664
21	0.027409770010664143	-221.7659730601906	0.90625
21	0.012504377290560876	-219.0512493725163	0.9256993006993007
21	0.01860537991519533	-259.7022231773263	0.8977272727272727
21	0.030397696331554053	-237.36787692028975	0.9098073555166375
21	0.10362290959227535	-247.7254010183408	0.9076133447390933
21	0.01637362810038866	-218.01676542199928	0.9154411764705882
21	0.0	-234.96334041301176	0.9093381686310064
21	0.007173815036205187	-232.32043453157792	0.9140893470790378
21	0.01892543523185608	-259.03504563091093	0.8885017421602788
21	0.028938329011587733	-226.1765363826738	0.9105403011514615
21	10.554413364468642	-4822.978762061596	0.9069325316119905
22	0.03354972345342924	-260.2159414568794	0.91
22	0.010413323314017491	-227.6976696330042	0.9093457943925234
22	0.02418417599466208	-217.86520836080092	0.9186991869918699
22	0.00878103488494369	-273.13121643295557	0.8853016142735769
22	0.03400852781302471	-262.19346183902474	0.9069373942470389
22	0.012597480276445748	-212.07078272734438	0.9204753199268738
22	0.017247680396970253	-247.72961285083247	0.8969917958067457
22	0.0	-251.14265634073914	0.9006156552330695
22	0.021231855820634537	-241.21829609129796	0.9012455516014235
22	0.019158478093478648	-231.13824251291797	0.916010498687664
22	0.014720536251239775	-217.25893811329357	0.9053030303030303
22	0.01806999494992433	-215.23257114618033	0.923951048951049
22	0.010373851006851634	-256.6860763540469	0.8986013986013986
22	0.02569023669704666	-233.45394301712545	0.9124343257443083
22	0.0	-242.51925473452852	0.9101796407185628
22	0.026778685534547122	-216.77957703876112	0.9172794117647058
22	0.0	-232.40091034431507	0.9093381686310064
22	0.015962435012564287	-229.42164168577156	0.9149484536082474
22	0.024557635922949985	-258.6627462009971	0.8937282229965157
22	0.029218713585775016	-223.70249714906328	0.9131975199291408
22	10.688384193017475	-4750.52124402988	0.9081704836855602
23	0.020592308848780782	-256.92899459749947	0.9116666666666666
23	0.008389884415819407	-224.21742246724776	0.9074766355140187
23	0.02215421802540165	-214.06439528324503	0.919602529358627
23	0.00766704264198391	-269.60979322823005	0.8878504672897196
23	0.029002188051401475	-260.46116815804834	0.9086294416243654
23	0.01629576418110981	-210.70103703737402	0.9177330895795247
23	0.02880588856372066	-246.1229354868093	0.8997265268915223
23	0.059656354649273276	-249.58560464545843	0.8970976253298153
23	0.027468189850311003	-239.4187933269066	0.9048042704626335
23	0.03059781785400349	-227.9488928646852	0.9168853893263342
23	0.02328996394661208	-215.5779616938638	0.90625
23	0.022609796612189467	-212.10258827003582	0.9265734265734266
23	0.00987723750521487	-253.1646595987187	0.9003496503496503
23	0.022769525172759063	-231.1111945134347	0.9133099824868651
23	0.0	-240.58532311588243	0.9076133447390933
23	0.03769524009113862	-213.23464092387212	0.9172794117647058
23	0.02655761865476568	-230.71155185271806	0.9165911151405258
23	0.01845488255619024	-227.8496667693921	0.9166666666666666
23	0.01417679220294004	-255.81974020180786	0.8885017421602788
23	0.016567642171276514	-216.10075683376493	0.9211691762621789
23	10.884254165511733	-4695.317120868995	0.9092315854629056
24	0.02852839731982374	-250.64475083343837	0.9133333333333333
24	0.010602687196344645	-221.56530831924476	0.9102803738317757
24	0.009794410299413239	-211.302920325127	0.9214092140921409
24	0.01501791276693359	-267.0299192757962	0.887000849617672
24	0.032070305781015516	-260.4016815805672	0.9103214890016921
24	0.017981753073932717	-208.50939397487517	0.916819012797075
24	0.024907301587914456	-243.22111877293906	0.8997265268915223
24	0.014047380182731791	-245.67333996087274	0.8979771328056289
24	0.01823879923659643	-236.00402443532366	0.9065836298932385
24	0.012856911072197219	-224.80361518212695	0.916010498687664
24	0.014732682053266676	-212.5719111005522	0.9071969696969697
24	0.017783629877487515	-209.71667271604332	0.9248251748251748
24	0.010565141769874711	-251.73834625254628	0.9038461538461539
24	0.025761079172683787	-228.25801893162975	0.9133099824868651
24	0.0	-238.13652391671945	0.9101796407185628
24	0.027167697447825573	-211.43388630150199	0.9200367647058824
24	0.0	-226.95375075361179	0.9129646418857661
24	0.015642287827742542	-223.76955631266532	0.915807560137457
24	0.0245936361940111	-253.01689726684657	0.8954703832752613
24	0.028775773540446976	-218.1129748056506	0.9131975199291408
24	11.020974062327515	-4642.864611018079	0.9097621363515784
25	0.020616220064258645	-251.15658662465015	0.9116666666666666
25	0.013614327687026372	-218.87483927446524	0.9102803738317757
25	0.019347516734549233	-209.66115504624753	0.9232158988256549
25	0.007410129569688043	-264.35899914299546	0.8903993203058623
25	0.03706620484175143	-253.7800907604887	0.9111675126903553
25	0.012681030699330085	-205.2258351545064	0.9195612431444241
25	0.01947652140697258	-241.62061067989893	0.8988149498632635
25	0.0	-243.33107332294182	0.9014951627088831
25	0.020652731263631617	-234.18495837886985	0.9048042704626335
25	0.019429943147266218	-223.49199218402663	0.9186351706036745
25	0.009401332279822304	-210.48383319972322	0.90625
25	0.02903893912989737	-207.0894969043201	0.923951048951049
25	0.025446440642025295	-249.66961209792638	0.9003496503496503
25	0.011448855308660091	-226.11572681212797	0.9150612959719789
25	0.0	-235.58246734193148	0.9101796407185628
25	0.01671240972686323	-208.24039036282014	0.9191176470588235
25	0.0	-225.0732474025191	0.9120580235720761
25	0.008310644946351056	-222.23847170885017	0.9175257731958762
25	0.01741322369687126	-248.25329659114323	0.8937282229965157
25	0.024138736712321793	-215.22128084642597	0.9185119574844995
25	11.140860496668829	-4593.653963836878	0.9102926872402511
26	0.018879095028640134	-248.09299553483473	0.9141666666666667
26	0.007743648284871551	-217.15049055761696	0.9121495327102803
26	0.012160514488213897	-206.67670146687942	0.926829268292683
26	0.016277460425455758	-262.6286961381104	0.8903993203058623
26	0.03330770625323866	-256.75998138295535	0.9120135363790186
26	0.018552778125488736	-204.0044901617999	0.9195612431444241
26	0.03468625445823714	-240.02538355185246	0.8997265268915223
26	0.025031396701170782	-242.56190916959628	0.8979771328056289
26	0.024630101125332652	-232.30054231783896	0.905693950177936
26	0.03976133071145767	-220.24214159734356	0.9203849518810149
26	0.015712074850487128	-209.52058577053143	0.9100378787878788
26	0.01719094102872985	-204.2674792907158	0.9256993006993007
26	0.0263433466815771	-247.91233110376993	0.9064685314685315
26	0.029368115914681536	-224.94150537086892	0.9141856392294221
26	0.055400636956092625	-235.31367345587338	0.911890504704876
26	0.015559675740896188	-204.3313754018322	0.9191176470588235
26	0.0	-222.91720540597709	0.914777878513146
26	0.023873284779976675	-218.878440817351	0.9175257731958762
26	0.010780211760738963	-247.48758770029812	0.8963414634146342
26	0.027322831248631576	-210.74986006928478	0.9202834366696191
26	11.323278674312919	-4556.76337626533	0.9117074896100451
27	0.029123519033732486	-244.24353036811084	0.9183333333333333
27	0.012795141967655615	-215.9973595885171	0.9149532710280374
27	0.015108987273423816	-204.16221262476066	0.9250225835591689
27	0.012884112529147276	-258.7905177703294	0.8954970263381479
27	0.03662543645243637	-253.66390988449788	0.9145516074450084
27	0.0	-199.77798858942947	0.9213893967093236
27	0.030236832470515316	-233.7059886184288	0.8988149498632635
27	0.015164477451337694	-239.47172335832101	0.9032541776605101
27	0.02543281654317262	-229.355735214225	0.9092526690391459
27	0.013110426274335172	-217.9330691920503	0.9195100612423447
27	0.01430046597079159	-205.5850024991322	0.9128787878787878
27	0.011854485921248426	-202.2172631849151	0.9283216783216783
27	0.017313475279432625	-244.30580797968886	0.9055944055944056
27	0.029400266655095885	-221.58264521922928	0.9159369527145359
27	0.056809839733990924	-231.62282314124732	0.913601368691189
27	0.022584380715378216	-201.17453827962277	0.9163602941176471
27	0.028109780401368255	-221.0000616623655	0.915684496826836
27	0.01856526898378099	-217.7451481525218	0.9192439862542955
27	0.015614145486125153	-246.65247286684973	0.8980836236933798
27	0.011889615092864732	-206.95383227667642	0.9229406554472985
27	11.503608424500902	-4495.94163047092	0.9134317799982316
28	0.05292866808556298	-239.55881437995595	0.9158333333333334
28	0.011395020038799318	-212.5210910508202	0.9168224299065421
28	0.016594128696569906	-201.09970556665397	0.9259259259259259
28	0.009468108295582051	-256.4642563590591	0.8937977909940527
28	0.03927377912442148	-247.04632241841773	0.9111675126903553
28	0.0	-197.17495337905825	0.9213893967093236
28	0.025770316033709	-232.859670274597	0.9015496809480401
28	0.08000227409868853	-237.08385490952497	0.9006156552330695
28	0.018956128765908027	-228.48431557735606	0.905693950177936
28	0.0	-213.68767834054464	0.9177602799650044
28	0.008573268877188817	-203.36413814021037	0.9147727272727273
28	0.0	-198.7935206308449	0.9274475524475524
28	0.009746563688075234	-242.28706165504124	0.902972027972028
28	0.012756959834659482	-217.8100081215183	0.9159369527145359
28	0.0	-227.58510001647	0.9127459366980325
28	0.07244831020714021	-198.66868720043996	0.9227941176470589
28	0.013115256375377535	-218.11205751536144	0.9184043517679057
28	0.01676083491202602	-213.57485248733263	0.9166666666666666
28	0.010156379179645169	-242.63320345043675	0.8963414634146342
28	0.0	-202.93711449051452	0.9255978742249779
28	11.680930678617692	-4431.746405964157	0.9131222919798391
29	0.019407309365517843	-236.28896508055774	0.9166666666666666
29	0.012274804198185081	-211.08501371888747	0.914018691588785
29	0.015574334918752684	-198.97820365953484	0.928635953026197
29	0.015394980672717088	-253.5018254180343	0.8963466440101954
29	0.038472126220188536	-249.07285586391347	0.9170896785109983
29	0.0	-194.09371010466126	0.9241316270566727
29	0.03924699626313234	-228.50608142180732	0.9051959890610757
29	0.01244889103898548	-234.4025758971745	0.9050131926121372
29	0.059067877831319955	-223.49058800817076	0.905693950177936
29	0.030337748748839318	-212.96172694782135	0.9247594050743657
29	0.03303188936302742	-202.3687775021499	0.9100378787878788
29	0.012000410120322592	-196.67621637194623	0.9291958041958042
29	0.01105097972336221	-238.03618843613341	0.9090909090909091
29	0.026142289208287702	-215.51996452778167	0.9159369527145359
29	0.019379719489793862	-224.6701863579758	0.9144568006843456
29	0.028212788179927478	-200.01902310662538	0.9209558823529411
29	0.0	-214.735623726258	0.915684496826836
29	0.01758326714846003	-211.03996088599897	0.9192439862542955
29	0.010794749397515738	-240.10280531914185	0.9015679442508711
29	0.024909032308028555	-202.76480306363825	0.9238263950398583
29	11.85082873850496	-4388.315095418212	0.9148465823680255
30	0.02762417771716238	-234.16713694598738	0.9183333333333333
30	0.01342946634827314	-208.8384074266471	0.9158878504672897
30	0.014005993081422297	-195.59014904306488	0.9277326106594399
30	0.0	-249.85177907740876	0.9005947323704333
30	0.027815235086761387	-238.6174060267473	0.9153976311336718
30	0.0	-191.29988440207356	0.9241316270566727
30	0.010086892171232889	-226.43566036895692	0.9015496809480401
30	0.0	-230.34675847394482	0.9023746701846965
30	0.0240989830937366	-221.04192015448837	0.9074733096085409
30	0.013316478479871852	-210.82970887005754	0.9230096237970253
30	0.010507231900066147	-198.26563149234758	0.9195075757575758
30	0.012624321969764866	-194.72463955975493	0.9291958041958042
30	0.017851775146754328	-235.99912214273118	0.9073426573426573
30	0.012312295838025051	-214.1032217736604	0.9176882661996497
30	0.0	-221.92603091829287	0.9144568006843456
30	0.025330224703058693	-195.49429992279028	0.9209558823529411
30	0.00887077306695037	-213.44505172832265	0.9138712601994561
30	0.0	-209.14302338133393	0.9226804123711341
30	0.013192975254137393	-234.05987828098924	0.9041811846689896
30	0.0	-199.7347833999229	0.9273693534100974
30	11.945432473274941	-4323.914493389522	0.9156424087010345
31	0.0	-231.6569129904224	0.915
31	0.017068592740690863	-205.78581045292228	0.9158878504672897
31	0.02367385700079221	-194.11668291823858	0.926829268292683
31	0.026859127110867714	-250.68840207111728	0.8963466440101954
31	0.027606683329933518	-244.5741853402259	0.9137055837563451
31	0.013581022648525573	-190.7851981494986	0.9250457038391224
31	0.021352874577648107	-227.15897602180146	0.9015496809480401
31	0.03589978381999584	-230.5820377928689	0.9006156552330695
31	0.017926700494338647	-218.35847919745524	0.9083629893238434
31	0.033909773735626654	-208.10772412469467	0.926509186351706
31	0.029061014682285218	-197.94052629332998	0.915719696969697
31	0.030086835439896268	-192.42706313493082	0.9335664335664335
31	0.009155640997880113	-232.83698311991608	0.9082167832167832
31	0.012515733736879392	-211.41543967300174	0.9194395796847635
31	0.01638947068645609	-220.3974343021299	0.9170230966638152
31	0.04380878967619457	-195.28884121622036	0.921875
31	0.015928799162626493	-211.94075059363726	0.9211242067089755
31	0.019213161001696594	-207.43107621989017	0.9226804123711341
31	0.011258607773387231	-237.61136412743343	0.9024390243902439
31	0.0	-196.78715161863923	0.9273693534100974
31	12.112428903045918	-4305.891039358376	0.9159076841453709
32	0.01509446004821357	-229.88243479963523	0.9183333333333333
32	0.02533980167306162	-204.298998872708	0.9186915887850468
32	0.027088238694193106	-193.64806756036438	0.928635953026197
32	0.012952561061013392	-247.58641643946746	0.8963466440101954
32	0.031781390528887885	-237.30096153530863	0.9179357021996616
32	0.0	-187.2561160405136	0.9250457038391224
32	0.012951956926044022	-222.79732638910107	0.902461257976299
32	0.008904493842860286	-226.51335900979706	0.9067722075637643
32	0.02201949443949418	-217.12762672121693	0.9119217081850534
32	0.03032798861588306	-205.894392811974	0.926509186351706
32	0.02468333843024128	-195.23381050805187	0.915719696969697
32	0.04047970993539633	-189.87950379251143	0.9344405594405595
32	0.008674023338879462	-230.52838611128323	0.9082167832167832
32	0.011390275720540915	-208.54204940731216	0.9194395796847635
32	0.0	-217.61169622225017	0.9178785286569717
32	0.03534768330003259	-191.22361581882117	0.9227941176470589
32	0.019663262877879947	-209.99179301943204	0.9202175883952856
32	0.017760578055776334	-205.74140491367334	0.9218213058419243
32	0.023660226977371215	-232.42681530285768	0.9050522648083623
32	0.011936982415883151	-199.25698023673215	0.9247121346324181
32	12.274964410483621	-4252.741755513012	0.9171014236448846
33	0.0	-226.75068914538258	0.9166666666666666
33	0.008829228979927242	-201.1204664069435	0.9196261682242991
33	0.01912877513343106	-189.24579797896908	0.9277326106594399
33	0.0	-243.26620339272304	0.9039932030586236
33	0.03251292740040399	-232.60704502517285	0.9170896785109983
33	0.0	-185.41098730060384	0.9259597806215722
33	0.013264721680819698	-221.25120022767635	0.9115770282588879
33	0.0	-224.50417822017266	0.9085312225153914
33	0.009692888882375234	-214.8045604469734	0.9101423487544484
33	0.01728994067176	-203.1943929701855	0.9238845144356955
33	0.01003771973283419	-191.9482286571307	0.9251893939393939
33	0.012626228360836851	-187.75045989312363	0.9326923076923077
33	0.020110294285785243	-229.68415577426543	0.9117132867132867
33	0.012047030491763025	-207.29691420486608	0.9203152364273205
33	0.0	-216.00242372065037	0.9204448246364414
33	0.030473793222055855	-190.5236392043495	0.921875
33	0.02249256437374828	-207.69657490900082	0.9193109700815957
33	0.016605112622581113	-202.33707236765295	0.9252577319587629
33	0.011413716477802753	-231.14925222846787	0.9067944250871081
33	0.0	-193.49567826060516	0.9282550930026572
33	12.369649277922699	-4200.039920334915	0.9187815014590149
34	0.0	-225.25248715670241	0.9191666666666667
34	0.025353439831286375	-198.66596644490158	0.9196261682242991
34	0.011822857914127136	-190.2019616896509	0.9295392953929539
34	0.017100078737706477	-243.54763477338136	0.8997451146983857
34	0.04663198791541165	-236.52798607730543	0.9213197969543148
34	0.0	-186.13661195909216	0.9259597806215722
34	0.0278384104415119	-221.7090987358838	0.9033728350045579
34	0.013985057115351059	-223.79853350301732	0.909410729991205
34	0.08680150692010245	-212.57596170011502	0.9119217081850534
34	0.016967481756149476	-202.32119997386442	0.9326334208223972
34	0.01412963238084729	-190.81581118690627	0.9232954545454546
34	0.02926117491692015	-186.20012736052269	0.9344405594405595
34	0.024738597916086704	-227.59500984060588	0.9134615384615384
34	0.011564197201039959	-205.50618756209204	0.9211908931698775
34	0.0	-213.4160336630682	0.9187339606501284
34	0.02876181815965816	-187.85164947597272	0.9227941176470589
34	0.012737697535472863	-205.09998442359284	0.9229374433363554
34	0.01570548440458852	-200.16816537694692	0.9278350515463918
34	0.011232375324388992	-229.6331074518283	0.9076655052264808
34	0.0	-191.26516379606107	0.929140832595217
34	12.530219968383694	-4178.288682151512	0.9196657529401362
35	0.015422965070941316	-223.297247663118	0.9191666666666667
35	0.026096009412355643	-198.00487543325207	0.9214953271028037
35	0.026670363787434297	-187.37288202519602	0.928635953026197
35	0.01414848112873736	-241.17105688230163	0.8997451146983857
35	0.03251314718785249	-230.16568180486325	0.9204737732656514
35	0.0	-181.3927865982255	0.9305301645338209
35	0.010376930584944254	-217.77203810465244	0.9042844120328167
35	0.0	-219.97498482989553	0.9102902374670184
35	0.02400011327004085	-210.8943449764862	0.9137010676156584
35	0.012503918016866447	-200.25830751085815	0.9273840769903762
35	0.015158662646282541	-188.35360645560428	0.9251893939393939
35	0.012158032530395354	-184.1928415691408	0.9344405594405595
35	0.017279055889381136	-225.29388455104566	0.9125874125874126
35	0.028658407577689223	-204.25446125216297	0.9194395796847635
35	0.03970718661966765	-213.7359132042624	0.9230111206159111
35	0.025310571708771636	-184.66327304609015	0.9264705882352942
35	0.027028960143707537	-203.69995646146114	0.9247506799637353
35	0.019078441156464458	-200.4113581170372	0.9235395189003437
35	0.015494082975716065	-227.7911054858838	0.9067944250871081
35	0.016336330984209082	-189.77303048108823	0.9300265721877768
35	12.683415297794822	-4132.473636452625	0.9200194535325846
36	0.030665737732929275	-220.5624944009424	0.92
36	0.022957496091661447	-194.22466048184333	0.922429906542056
36	0.026533743407079455	-183.941057845648	0.9304426377597109
36	0.017399904662888748	-239.8666089518075	0.903143585386576
36	0.028885504476308884	-226.88146256031047	0.9204737732656514
36	0.0	-179.3418460771386	0.9296160877513712
36	0.010039660809928541	-215.16162841457788	0.9079307201458523
36	0.0	-218.15601597048482	0.909410729991205
36	0.023751179154978156	-209.12999499366612	0.9163701067615658
36	0.012469315199454626	-198.02214842977338	0.926509186351706
36	0.010108296381145293	-186.18501603219778	0.9270833333333334
36	0.012077914430063568	-181.734460109449	0.9353146853146853
36	0.01736903011027272	-223.3896428862483	0.9134615384615384
36	0.011624948081175665	-201.3735616138704	0.9203152364273205
36	0.0	-208.8618543616671	0.9247219846022241
36	0.025117361801906317	-183.49568551723365	0.9237132352941176
36	0.021227781920911598	-200.54392353965707	0.9220308250226654
36	0.016532807531987128	-195.88536961346472	0.9286941580756014
36	0.01162514859748356	-224.85640586075098	0.9076655052264808
36	0.0	-186.82068643557298	0.9309123117803366
36	12.810784747034637	-4078.4345240963044	0.920947917587762
37	0.0	-217.88948667811835	0.9208333333333333
37	0.014985302399328167	-192.14145332511958	0.9205607476635514
37	0.0238862630377759	-183.34830908995585	0.934056007226739
37	0.012081754349152702	-237.60647032955882	0.903143585386576
37	0.02861820642307312	-225.40876037295425	0.9187817258883249
37	0.0	-177.76122468627275	0.9296160877513712
37	0.009976878447982526	-213.44734232894103	0.9124886052871468
37	0.0	-216.71420387549446	0.9129287598944591
37	0.009716614074852472	-207.49912093811753	0.9154804270462633
37	0.0	-195.40717201708352	0.926509186351706
37	0.0	-185.51322631823066	0.9242424242424242
37	0.0	-180.2750445586939	0.9414335664335665
37	0.16287896561820567	-221.25812671354333	0.9125874125874126
37	0.017573685585180954	-197.43478349940978	0.9238178633975481
37	0.009543959479505745	-208.73858689623393	0.9238665526090676
37	0.01998678770242665	-181.67284964846584	0.9255514705882353
37	0.017800242249348636	-201.53717469839975	0.9220308250226654
37	0.01259289347244981	-196.04925377970457	0.9226804123711341
37	0.010569526609129222	-218.72618475496174	0.9094076655052264
37	0.021870517830232233	-186.63869013167852	0.9309123117803366
37	12.965420609238185	-4045.0674646409375	0.9214784684764347
38	0.02514018157428767	-220.0475993417899	0.9208333333333333
38	0.01756709379145093	-191.3796432390217	0.9233644859813084
38	0.012592475948901536	-181.23485928595932	0.934056007226739
38	0.0	-232.26669484359397	0.9065420560747663
38	0.03486810546806153	-219.213723151877	0.9230118443316413
38	0.0	-177.12479376433825	0.9296160877513712
38	0.027399509007073358	-212.376925438256	0.9088422971741112
38	0.015249973360347944	-214.85280621825507	0.911169744942832
38	0.030711906168604922	-203.90601226496167	0.9145907473309609
38	0.013659801741026035	-193.0245579266877	0.9326334208223972
38	0.03415143255628505	-182.08591657762298	0.9289772727272727
38	0.012196655327872046	-176.87442490623903	0.9414335664335665
38	0.01861804912835999	-216.46087315095892	0.916958041958042
38	0.012170352966963996	-196.5813364422616	0.9238178633975481
38	0.0	-205.03576205401282	0.9255774165953806
38	0.032576505141209536	-180.32278769792407	0.9246323529411765
38	0.04891267260241043	-197.79319840507102	0.9256572982774252
38	0.020387322680757755	-193.59169782581617	0.9269759450171822
38	0.011612065522100312	-222.7586162544577	0.9111498257839721
38	0.0	-182.94163233485668	0.9317980513728964
38	13.12146572953816	-3999.8738611239614	0.9230259085683968
39	0.020388124340949932	-215.15773104558372	0.9258333333333333
39	0.03386825709322474	-190.27897265227656	0.9233644859813084
39	0.025503745484769275	-178.3776838840899	0.935862691960253
39	0.013958595574563158	-232.02064669961126	0.9048428207306712
39	0.0307713374673437	-220.09133054972435	0.9238578680203046
39	0.0	-172.84451910044658	0.93327239488117
39	0.010254192519619156	-209.3376197509057	0.9079307201458523
39	0.0	-211.13223366449907	0.9138082673702727
39	0.02404400664125573	-202.72846790777885	0.9208185053380783
39	0.012456731040894934	-191.62631179179994	0.931758530183727
39	0.0	-179.7164354051435	0.9289772727272727
39	0.03268582306536006	-175.082564297311	0.9414335664335665
39	0.02045344419544739	-214.71519376912357	0.9187062937062938
39	0.02475202908576467	-195.30257812930594	0.9246935201401051
39	0.01451542391355692	-205.18572072225774	0.9247219846022241
39	0.012047696127607517	-177.49958099659642	0.9264705882352942
39	0.0	-194.374452956364	0.9220308250226654
39	0.0	-189.99060630337618	0.9312714776632303
39	0.01715598739032926	-213.6411073680389	0.912020905923345
39	0.01311203748842741	-185.3748149184055	0.9309123117803366
39	13.245273550401771	-3954.4785719126385	0.9240870103457424
40	0.0	-212.35443859742804	0.9241666666666667
40	0.33795620120194614	-186.19117464809946	0.9289719626168225
40	0.018106060266212653	-178.80792056733003	0.938572719060524
40	0.010943316587547259	-229.37277983191905	0.9099405267629567
40	0.031999565539959	-221.70729430240777	0.9255499153976311
40	0.0	-176.33922407439744	0.9305301645338209
40	0.03257845274052242	-213.43901177088756	0.9143117593436645
40	0.013264942524231898	-212.601942331557	0.9138082673702727
40	0.010421228202721055	-203.28727724732948	0.9225978647686833
40	0.0	-188.5317025609753	0.9308836395450568
40	0.020351702515973433	-180.28295465891676	0.9308712121212122
40	0.014064251375405795	-174.46366483431478	0.9458041958041958
40	0.022642254688665864	-219.2007317441138	0.9117132867132867
40	0.027679396266415322	-194.6593358867682	0.9246935201401051
40	0.04271231749485059	-203.38307253527918	0.9264328485885372
40	0.023513457818183838	-172.26055824519676	0.9301470588235294
40	0.014575560064862365	-190.74007046820202	0.9238440616500453
40	0.017665639511664815	-185.3268425654447	0.9347079037800687
40	0.0219591517071188	-210.3716065869472	0.9224738675958188
40	0.011166273896460579	-180.154565976555	0.9362267493356953
40	13.582823407048958	-3933.4761694340696	0.9262534264744894
41	0.0	-204.4316459952266	0.9258333333333333
41	0.0	-179.10544612462985	0.9317757009345794
41	0.02071160887838887	-172.1578518498718	0.940379403794038
41	0.0	-222.50855524533398	0.9107901444350043
41	0.03321133764234948	-214.2239118710388	0.9263959390862944
41	0.0	-169.75564582231587	0.9341864716636198
41	0.023924634859993313	-205.86567177151935	0.9124886052871468
41	0.01701892294211633	-208.11394828804043	0.9129287598944591
41	0.01456895888314392	-198.34420974887055	0.9199288256227758
41	0.020030302499502373	-184.99928971870295	0.9343832020997376
41	0.02683330863606444	-175.73782413244197	0.9308712121212122
41	0.021988713042933792	-169.81547072834502	0.9466783216783217
41	0.0	-209.8615089888743	0.9195804195804196
41	0.024177025259057697	-189.26058029080176	0.9281961471103327
41	0.020932141548857777	-197.80614251727545	0.9315654405474765
41	0.022091512830904388	-174.6268749082939	0.9292279411764706
41	0.0	-187.9376724986205	0.9265639165911151
41	0.0	-183.75224560462206	0.9329896907216495
41	0.0	-205.6287113701365	0.9233449477351916
41	0.0	-174.48249641521176	0.941541186891054
41	13.671688434068503	-3828.415703890174	0.9279335042886196
42	0.0	-204.2572436496067	0.9241666666666667
42	0.0	-179.3554985483194	0.9317757009345794
42	0.01709403075602394	-168.9973205746572	0.938572719060524
42	0.0	-221.66152709520816	0.9082412914188616
42	0.017677444597450045	-207.91730334128434	0.9263959390862944
42	0.0	-168.21062638520735	0.9323583180987203
42	0.0	-200.05676551876564	0.9161349134001823
42	0.0	-205.49407595831613	0.9155672823218998
42	0.02269590843253641	-197.20451423378165	0.9225978647686833
42	0.04041423172458309	-184.36147684566524	0.9352580927384077
42	0.017507860686673433	-173.43998825600576	0.9308712121212122
42	0.020125202232530715	-168.70802639598	0.9423076923076923
42	0.0	-207.6728807615257	0.9213286713286714
42	0.01600359156768354	-188.79917845326256	0.9273204903677759
42	0.0	-195.39609672209414	0.932420872540633
42	0.02061778678126681	-170.2028112918958	0.9319852941176471
42	0.022585368117092285	-189.04595777164954	0.9229374433363554
42	0.020225970229781492	-186.18351543149498	0.929553264604811
42	0.024651449661924982	-208.55306721754334	0.9163763066202091
42	0.024930262938069943	-176.76907934284597	0.937112488928255
42	13.785439135732211	-3802.2869537951096	0.9270934653815545
43	0.023728041179455733	-205.5471083669916	0.9241666666666667
43	0.0	-178.02184203552568	0.9345794392523364
43	0.02464468432280685	-169.7133822897039	0.938572719060524
43	0.012113456836047663	-223.1418228336656	0.907391673746814
43	0.015598613989160381	-208.73996835309663	0.9255499153976311
43	0.0	-166.14773693306125	0.9341864716636198
43	0.0	-198.26386490347392	0.9197812215132178
43	0.0	-202.9565261487143	0.9182058047493403
43	0.012718018967286802	-193.39587920355962	0.9234875444839857
43	0.01095456665953408	-181.33630888219446	0.937007874015748
43	0.02606250551269922	-171.8710876131775	0.9327651515151515
43	0.023310757321335845	-167.64967563686577	0.9449300699300699
43	0.0	-205.8518748119984	0.9222027972027972
43	0.014166608573135574	-185.8127968241799	0.9290718038528897
43	0.0	-193.75425000376077	0.9341317365269461
43	0.014155425121777546	-168.75023057655474	0.9319852941176471
43	0.018602985268340675	-185.90133735086044	0.927470534904805
43	0.017914236370804065	-182.21531637972794	0.9312714776632303
43	0.011494172194890151	-207.676390035561	0.9181184668989547
43	0.0	-172.0341078904538	0.9388839681133747
43	13.877510232547559	-3768.781507073127	0.9285966928994606
44	0.0	-201.46322410552727	0.9316666666666666
44	0.0	-177.09369281047313	0.9373831775700935
44	0.013188283439695574	-166.72140692564122	0.940379403794038
44	0.012201646865361892	-220.93756730670353	0.9082412914188616
44	0.017813330560937805	-207.52495660745976	0.9289340101522843
44	0.0	-164.5299767716857	0.9351005484460695
44	0.0	-196.97649442437387	0.9216043755697356
44	0.017303530633882458	-201.5225865756467	0.9190853122251539
44	0.026001527961657504	-193.56306700219497	0.9243772241992882
44	0.05607789991584984	-180.97772196242207	0.9361329833770778
44	0.013009061394144272	-172.15772919029644	0.9327651515151515
44	0.0	-164.98465225279028	0.9449300699300699
44	0.0	-205.11640446140294	0.9204545454545454
44	0.024090558359910367	-185.1764604241354	0.9334500875656743
44	0.0	-192.62783566919768	0.9298545765611634
44	0.01698215468027902	-168.55009136947854	0.9292279411764706
44	0.0	-184.16278985386964	0.9310970081595649
44	0.021285803211283594	-179.95514343666835	0.936426116838488
44	0.012421438629335842	-207.24665027995943	0.9181184668989547
44	0.02682642667111048	-172.85723309013827	0.9353410097431355
44	13.978559460232718	-3744.145684520065	0.9296577946768061
45	0.04834283982208885	-201.12014197009333	0.93
45	0.021647197939210883	-175.7387223353175	0.9383177570093458
45	0.024659476236132852	-166.96397551307453	0.940379403794038
45	0.01590704944178877	-218.4623253668518	0.9099405267629567
45	0.01305151805273686	-207.9278496797627	0.9272419627749577
45	0.023220751066549108	-164.04323562594695	0.93327239488117
45	0.028218918925618716	-202.2534929925445	0.9124886052871468
45	0.028356147738610976	-200.64890598838136	0.9155672823218998
45	0.0	-188.8711624546865	0.9243772241992882
45	0.0	-177.78295482521196	0.9361329833770778
45	0.0	-169.09599989824366	0.9356060606060606
45	0.0	-163.45736648793797	0.9493006993006993
45	0.029199479074769417	-203.3882592669437	0.923951048951049
45	0.024371306426801246	-182.55414720921465	0.9281961471103327
45	0.014428623941432394	-193.75074454620813	0.9298545765611634
45	0.012048768748678508	-165.76737651721484	0.9319852941176471
45	0.0	-182.5995819380727	0.928377153218495
45	0.0	-177.78012234811342	0.9355670103092784
45	0.0	-199.7567797766249	0.9250871080139372
45	0.0	-168.6984871216965	0.941541186891054
45	14.099713428112034	-3710.661631862142	0.9297904323989743
46	0.0	-198.69385055722856	0.9291666666666667
46	0.0	-175.645154153356	0.930841121495327
46	0.0	-163.29060229830208	0.9394760614272809
46	0.024047336191193612	-217.4850326455633	0.9124893797790994
46	0.045943464556668936	-211.4516832210894	0.9255499153976311
46	0.0	-160.3314528079598	0.9396709323583181
46	0.019517902597866777	-197.1573876035954	0.9197812215132178
46	0.02571489110871221	-199.06597165686316	0.9190853122251539
46	0.011138984953252924	-187.8133492232949	0.9243772241992882
46	0.01713533891039831	-177.0914548301168	0.9387576552930884
46	0.014064876493012654	-167.95054721364744	0.9356060606060606
46	0.02676968675355729	-162.0346887301558	0.9466783216783217
46	0.0251031713148906	-201.2889442268785	0.9213286713286714
46	0.0	-179.96585921116852	0.9290718038528897
46	0.0	-189.52194329222644	0.93071000855432
46	0.0	-164.59197399739818	0.9301470588235294
46	0.020191107066384086	-182.9778520587194	0.929283771532185
46	0.019091745787966827	-179.84721511233252	0.9312714776632303
46	0.027618293928607898	-202.4621870439425	0.9198606271777003
46	0.01219772753075801	-170.96391654639675	0.9406554472984943
46	14.212753069140383	-3689.631066430235	0.92961358210275
47	0.025849896813245607	-197.52202800349923	0.9316666666666666
47	0.02180836072115772	-173.53498746029757	0.9345794392523364
47	0.025771612475633122	-164.22103569895606	0.943089430894309
47	0.026231543292870352	-216.06123509245856	0.9107901444350043
47	0.023616307565329023	-209.41433182932622	0.922165820642978
47	0.021787540173546387	-160.00723713452345	0.9387568555758684
47	0.024670720217403408	-197.6106219273868	0.9152233363719234
47	0.025868061490858442	-196.61422247912222	0.9164467897977133
47	0.017551186828788774	-185.995091531507	0.9252669039145908
47	0.01774438936702266	-175.8777149222704	0.937007874015748
47	0.049312941328806245	-165.71654561547177	0.9375
47	0.012340870588099864	-160.0455871379135	0.9501748251748252
47	0.02664524611398052	-199.07180527672978	0.9256993006993007
47	0.022846429980479397	-179.1270991428163	0.9290718038528897
47	0.015023990868466576	-190.3554000782724	0.9349871685201027
47	0.03043925221947781	-163.68059511048497	0.9338235294117647
47	0.02610216448233644	-181.01173333390355	0.9301903898458749
47	0.020641395137234456	-176.83351176453462	0.9312714776632303
47	0.02171821297998655	-198.36549810494515	0.9242160278745645
47	0.01267231359850837	-167.9268453038851	0.9406554472984943
47	14.413460465723123	-3658.993126948305	0.9305420461579273
48	0.02440646165235547	-194.3486588827309	0.9325
48	0.06731856994417608	-171.17778523369796	0.9383177570093458
48	0.021482004824459534	-160.10928486592593	0.9439927732610659
48	0.025545504104132342	-212.05351172544377	0.9158878504672897
48	0.04386749585146643	-205.19561375371936	0.928087986463621
48	0.0	-156.52740751756915	0.9387568555758684
48	0.01848078609373549	-193.67037943752788	0.918869644484959
48	0.013396240179926423	-193.0857502250757	0.9252418645558487
48	0.020573062203946904	-184.227981778982	0.9261565836298933
48	0.04346724632584304	-173.13338094274243	0.9405074365704287
48	0.029561303175783135	-165.207032657628	0.9356060606060606
48	0.04222172173956877	-158.1129043391517	0.9501748251748252
48	0.01867891406445767	-195.3569404499205	0.9256993006993007
48	0.02192029934802849	-175.3343943541529	0.9334500875656743
48	0.014146460417883968	-186.5591471926358	0.9366980325064157
48	0.02787825214172726	-160.31641240114882	0.9365808823529411
48	0.0	-177.63558072886045	0.9310970081595649
48	0.0	-171.26441265140102	0.9381443298969072
48	0.02364159489772016	-194.856798635932	0.9250871080139372
48	0.012274904020798297	-167.43467968754038	0.941541186891054
48	14.619666351652722	-3595.608057461786	0.9330621628791228
49	0.0	-191.64283173465657	0.9341666666666667
49	0.024414176949534797	-170.72693968979434	0.9327102803738317
49	0.01231097282474068	-159.07962343519625	0.9448961156278229
49	0.012666234202107622	-206.3024945958419	0.9167374681393373
49	0.038337565462999164	-198.35922369136767	0.9323181049069373
49	0.0	-154.33518900938614	0.9405850091407678
49	0.013991358345075183	-190.8020260470013	0.9216043755697356
49	0.0	-189.88793332227246	0.9252418645558487
49	0.025293827692609294	-182.223841020771	0.9314946619217082
49	0.03153614196059468	-172.08686019769902	0.9387576552930884
49	0.022297305770162906	-161.43488676797895	0.9403409090909091
49	0.016408292199999494	-155.44318261681462	0.9501748251748252
49	0.023541119671586033	-194.09335339621043	0.9256993006993007
49	0.02357719266916915	-172.99929152461735	0.9352014010507881
49	0.015652631734800172	-185.50702326312285	0.9358426005132592
49	0.012323558673007835	-159.20643642587237	0.9375
49	0.0	-175.0163511909148	0.9329102447869447
49	0.0	-170.1071025268714	0.9381443298969072
49	0.0	-190.50954833315654	0.931184668989547
49	0.0	-161.43438317275505	0.9433126660761736
49	14.723262143122803	-3541.198521962301	0.9343885401008046
50	0.0	-191.09730643809505	0.9358333333333333
50	0.0	-168.5373913169492	0.9345794392523364
50	0.0	-155.85642268481973	0.941282746160795
50	0.02314888322479625	-208.28836062617052	0.9209855564995751
50	0.022730079867186097	-200.1984811440176	0.9272419627749577
50	0.021056025468416156	-153.10438737796036	0.9424131627056673
50	0.01851024677696732	-190.24653603845888	0.92616226071103
50	0.025548127844845895	-189.9653119377361	0.9199648197009674
50	0.018400849941908506	-178.97016364377205	0.9297153024911032
50	0.01802493263386646	-169.43275024065565	0.9413823272090989
50	0.049717082976531025	-159.35633354002732	0.9393939393939394
50	0.021364676267599126	-154.5307024797745	0.9493006993006993
50	0.0	-190.5329968927254	0.9291958041958042
50	0.01340854897522984	-172.7369351013391	0.9369527145359019
50	0.0	-180.73648777928972	0.9358426005132592
50	0.018602695878080944	-157.05024038745373	0.9375
50	0.02060044691663889	-174.81759544537852	0.9301903898458749
50	0.018243698991999426	-171.07151784244064	0.9338487972508591
50	0.025399184566850638	-192.71791501979052	0.9224738675958188
50	0.02703328228736104	-164.24043513811353	0.9424269264836138
50	14.872385229151842	-3523.488271074968	0.9337695640640198
51	0.015310004183394637	-192.3461647658444	0.9308333333333333
51	0.0	-165.935624326929	0.9420560747663551
51	0.0	-154.59078804874548	0.9439927732610659
51	0.02871802178305571	-205.41307936477983	0.9226847918436704
51	0.05192600541886921	-205.86485355017268	0.9272419627749577
51	0.0	-150.59224395266537	0.9442413162705667
51	0.012189322755872655	-185.6360120371982	0.9243391066545124
51	0.0	-185.91893646686222	0.9261213720316622
51	0.021567278307677094	-178.3279831402769	0.9314946619217082
51	0.015309772316626434	-167.63361151738457	0.9413823272090989
51	0.28641853012909557	-157.01285041147932	0.9441287878787878
51	0.014248068713105041	-153.34487890365557	0.9484265734265734
51	0.0	-187.3843721302723	0.9309440559440559
51	0.017393424127700324	-172.05421645167502	0.9325744308231173
51	0.0	-177.58127892566225	0.9392643284858854
51	0.033804270105611885	-158.34245251785018	0.9329044117647058
51	0.021953012522047836	-173.28444192514607	0.9329102447869447
51	0.01246954677018897	-169.8577436815163	0.9329896907216495
51	0.030199776929967243	-185.5595639997978	0.9285714285714286
51	0.02106388828157687	-163.61196169593072	0.9424269264836138
51	15.166465800153881	-3490.2930578138444	0.9348748784154214
52	0.017567483088598256	-187.72831981413856	0.9308333333333333
52	0.0	-163.59721703463097	0.9411214953271028
52	0.04195828352153683	-150.64634639461943	0.9467028003613369
52	0.012497628498667493	-204.13021422934912	0.9158878504672897
52	0.023816779897951737	-186.41981463447655	0.934010152284264
52	0.0	-146.68713822220315	0.9451553930530164
52	0.0	-181.41448260956773	0.927073837739289
52	0.0	-183.55725420852417	0.93051890941073
52	0.0	-174.22874818176052	0.9261565836298933
52	0.0	-163.6038286292776	0.9466316710411199
52	0.0	-151.90409973818547	0.9412878787878788
52	0.0	-149.98907108968064	0.9545454545454546
52	0.0	-186.50516167832538	0.9309440559440559
52	0.0	-167.04240796433507	0.9387040280210157
52	0.02218345634690067	-177.49649650119932	0.9426860564585116
52	0.02529768562683085	-157.33477158831315	0.9310661764705882
52	0.0	-169.39745067526573	0.9347234814143246
52	0.0	-163.35619898924585	0.9381443298969072
52	0.0	-186.14528223183396	0.9294425087108014
52	0.0	-156.07617196013175	0.9424269264836138
52	15.220669269110457	-3407.2604763750646	0.9363338933592714
